[2, 551][0, 0, 0]
[3, 551][0, 0, 0]
[4, 551][0, 0, 0]
[5, 551][0, 0, 0]
[6, 551][0, 0, 0]
[7, 551][0, 0, 0]
[8, 551][0, 0, 0]
[9, 551][0, 0, 0]
[10, 551][0, 0, 0]
[2, 552][0, 0, 0]
[3, 552][0, 0, 0]
[4, 552][0, 0, 0]
[5, 552][0, 0, 0]
[6, 552][0, 0, 0]
[7, 552][0, 0, 0]
[8, 552][0, 0, 0]
[9, 552][0, 0, 0]
[10, 552][0, 0, 0]
[2, 367][0, 0, 0]
[3, 367][0, 0, 0]
[4, 367][0, 0, 0]
[5, 367][0, 0, 0]
[6, 367][0, 0, 0]
[7, 367][0, 0, 0]
[8, 367][0, 0, 0]
[9, 367][0, 0, 0]
[10, 367][0, 0, 0]
[2, 368][0, 0, 0]
[3, 368][0, 0, 0]
[4, 368][0, 0, 0]
[5, 368][0, 0, 0]
[6, 368][0, 0, 0]
[7, 368][0, 0, 0]
[8, 368][0, 0, 0]
[9, 368][0, 0, 0]
[10, 368][0, 0, 0]
[2, 184][0, 0, 0]
[3, 184][0, 0, 0]
[4, 184][0, 0, 0]
[5, 184][0, 0, 0]
[6, 184][0, 0, 0]
[7, 184][0, 0, 0]
[8, 184][0, 0, 0]
[9, 184][0, 0, 0]
[10, 184][0, 0, 0]
[2, 185][0, 0, 0]
[3, 185][0, 0, 0]
[4, 185][0, 0, 0]
[5, 185][0, 0, 0]
[6, 185][0, 0, 0]
[7, 185][0, 0, 0]
[8, 185][0, 0, 0]
[9, 185][0, 0, 0]
[10, 185][0, 0, 0]
[921, 551][0, 0, 0]
[922, 551][0, 0, 0]
[923, 551][0, 0, 0]
[924, 551][0, 0, 0]
[925, 551][0, 0, 0]
[926, 551][0, 0, 0]
[927, 551][0, 0, 0]
[928, 551][0, 0, 0]
[929, 551][0, 0, 0]
[921, 552][0, 0, 0]
[922, 552][0, 0, 0]
[923, 552][0, 0, 0]
[924, 552][0, 0, 0]
[925, 552][0, 0, 0]
[926, 552][0, 0, 0]
[927, 552][0, 0, 0]
[928, 552][0, 0, 0]
[929, 552][0, 0, 0]
[921, 367][0, 0, 0]
[922, 367][0, 0, 0]
[923, 367][0, 0, 0]
[924, 367][0, 0, 0]
[925, 367][0, 0, 0]
[926, 367][0, 0, 0]
[927, 367][0, 0, 0]
[928, 367][0, 0, 0]
[929, 367][0, 0, 0]
[921, 368][0, 0, 0]
[922, 368][0, 0, 0]
[923, 368][0, 0, 0]
[924, 368][0, 0, 0]
[925, 368][0, 0, 0]
[926, 368][0, 0, 0]
[927, 368][0, 0, 0]
[928, 368][0, 0, 0]
[929, 368][0, 0, 0]
[921, 184][0, 0, 0]
[922, 184][0, 0, 0]
[923, 184][0, 0, 0]
[924, 184][0, 0, 0]
[925, 184][0, 0, 0]
[926, 184][0, 0, 0]
[927, 184][0, 0, 0]
[928, 184][0, 0, 0]
[929, 184][0, 0, 0]
[921, 185][0, 0, 0]
[922, 185][0, 0, 0]
[923, 185][0, 0, 0]
[924, 185][0, 0, 0]
[925, 185][0, 0, 0]
[926, 185][0, 0, 0]
[927, 185][0, 0, 0]
[928, 185][0, 0, 0]
[929, 185][0, 0, 0]
[232, 3][0, 0, 0]
[232, 4][0, 0, 0]
[232, 5][0, 0, 0]
[232, 6][0, 0, 0]
[232, 7][0, 0, 0]
[232, 8][0, 0, 0]
[232, 9][0, 0, 0]
[232, 10][0, 0, 0]
[233, 3][0, 0, 0]
[233, 4][0, 0, 0]
[233, 5][0, 0, 0]
[233, 6][0, 0, 0]
[233, 7][0, 0, 0]
[233, 8][0, 0, 0]
[233, 9][0, 0, 0]
[233, 10][0, 0, 0]
[234, 3][0, 0, 0]
[234, 4][0, 0, 0]
[234, 5][0, 0, 0]
[234, 6][0, 0, 0]
[234, 7][0, 0, 0]
[234, 8][0, 0, 0]
[234, 9][0, 0, 0]
[234, 10][0, 0, 0]
[465, 3][0, 0, 0]
[465, 4][0, 0, 0]
[465, 5][0, 0, 0]
[465, 6][0, 0, 0]
[465, 7][0, 0, 0]
[465, 8][0, 0, 0]
[465, 9][0, 0, 0]
[465, 10][0, 0, 0]
[466, 3][0, 0, 0]
[466, 4][0, 0, 0]
[466, 5][0, 0, 0]
[466, 6][0, 0, 0]
[466, 7][0, 0, 0]
[466, 8][0, 0, 0]
[466, 9][0, 0, 0]
[466, 10][0, 0, 0]
[697, 3][0, 0, 0]
[697, 4][0, 0, 0]
[697, 5][0, 0, 0]
[697, 6][0, 0, 0]
[697, 7][0, 0, 0]
[697, 8][0, 0, 0]
[697, 9][0, 0, 0]
[697, 10][0, 0, 0]
[698, 3][0, 0, 0]
[698, 4][0, 0, 0]
[698, 5][0, 0, 0]
[698, 6][0, 0, 0]
[698, 7][0, 0, 0]
[698, 8][0, 0, 0]
[698, 9][0, 0, 0]
[698, 10][0, 0, 0]
[699, 3][0, 0, 0]
[699, 4][0, 0, 0]
[699, 5][0, 0, 0]
[699, 6][0, 0, 0]
[699, 7][0, 0, 0]
[699, 8][0, 0, 0]
[699, 9][0, 0, 0]
[699, 10][0, 0, 0]
[232, 725][0, 0, 0]
[232, 726][0, 0, 0]
[232, 727][0, 0, 0]
[232, 728][0, 0, 0]
[232, 729][0, 0, 0]
[232, 730][0, 0, 0]
[232, 731][0, 0, 0]
[232, 732][0, 0, 0]
[232, 733][0, 0, 0]
[233, 725][0, 0, 0]
[233, 726][0, 0, 0]
[233, 727][0, 0, 0]
[233, 728][0, 0, 0]
[233, 729][0, 0, 0]
[233, 730][0, 0, 0]
[233, 731][0, 0, 0]
[233, 732][0, 0, 0]
[233, 733][0, 0, 0]
[234, 725][0, 0, 0]
[234, 726][0, 0, 0]
[234, 727][0, 0, 0]
[234, 728][0, 0, 0]
[234, 729][0, 0, 0]
[234, 730][0, 0, 0]
[234, 731][0, 0, 0]
[234, 732][0, 0, 0]
[234, 733][0, 0, 0]
[465, 725][0, 0, 0]
[465, 726][0, 0, 0]
[465, 727][0, 0, 0]
[465, 728][0, 0, 0]
[465, 729][0, 0, 0]
[465, 730][0, 0, 0]
[465, 731][0, 0, 0]
[465, 732][0, 0, 0]
[465, 733][0, 0, 0]
[466, 725][0, 0, 0]
[466, 726][0, 0, 0]
[466, 727][0, 0, 0]
[466, 728][0, 0, 0]
[466, 729][0, 0, 0]
[466, 730][0, 0, 0]
[466, 731][0, 0, 0]
[466, 732][0, 0, 0]
[466, 733][0, 0, 0]
[697, 725][0, 0, 0]
[697, 726][0, 0, 0]
[697, 727][0, 0, 0]
[697, 728][0, 0, 0]
[697, 729][0, 0, 0]
[697, 730][0, 0, 0]
[697, 731][0, 0, 0]
[697, 732][0, 0, 0]
[697, 733][0, 0, 0]
[698, 725][0, 0, 0]
[698, 726][0, 0, 0]
[698, 727][0, 0, 0]
[698, 728][0, 0, 0]
[698, 729][0, 0, 0]
[698, 730][0, 0, 0]
[698, 731][0, 0, 0]
[698, 732][0, 0, 0]
[698, 733][0, 0, 0]
[699, 725][0, 0, 0]
[699, 726][0, 0, 0]
[699, 727][0, 0, 0]
[699, 728][0, 0, 0]
[699, 729][0, 0, 0]
[699, 730][0, 0, 0]
[699, 731][0, 0, 0]
[699, 732][0, 0, 0]
[699, 733][0, 0, 0]
0, 0]
[466, 727][0, 0, 0]
[466, 728][0, 0, 0]
[466, 729][0, 0, 0]
[466, 730][0, 0, 0]
[466, 731][0, 0, 0]
[466, 732][0, 0, 0]
[466, 733][0, 0, 0]
[697, 725][0, 0, 0]
[697, 726][0, 0, 0]
[697, 727][0, 0, 0]
[697, 728][0, 0, 0]
[697, 729][0, 0, 0]
[697, 730][0, 0, 0]
[697, 731][0, 0, 0]
[697, 732][0, 0, 0]
[697, 733][0, 0, 0]
[698, 725][0, 0, 0]
[698, 726][0, 0, 0]
[698, 727][0, 0, 0]
[698, 728][0, 0, 0]
[698, 729][0, 0, 0]
[698, 730][0, 0, 0]
[698, 731][0, 0, 0]
[698, 732][0, 0, 0]
[698, 733][0, 0, 0]
[699, 725][0, 0, 0]
[699, 726][0, 0, 0]
[699, 727][0, 0, 0]
[699, 728][0, 0, 0]
[699, 729][0, 0, 0]
[699, 730][0, 0, 0]
[699, 731][0, 0, 0]
[699, 732][0, 0, 0]
[699, 733][0, 0, 0]
 1430][0, 0, 0]
[13, 1430][0, 0, 0]
[14, 1430][0, 0, 0]
[15, 1430][0, 0, 0]
[16, 1430][0, 0, 0]
[17, 1430][0, 0, 0]
[18, 1430][0, 0, 0]
[19, 1430][0, 0, 0]
[20, 1430][0, 0, 0]
[21, 1430][0, 0, 0]
[22, 1430][0, 0, 0]
[23, 1430][0, 0, 0]
[24, 1430][0, 0, 0]
[25, 1430][0, 0, 0]
[26, 1430][0, 0, 0]
[27, 1430][0, 0, 0]
[28, 1430][0, 0, 0]
[29, 1430][0, 0, 0]
[30, 1430][0, 0, 0]
[31, 1430][0, 0, 0]
[3070, 571][0, 0, 0]
[3071, 571][0, 0, 0]
[3072, 571][0, 0, 0]
[3073, 571][0, 0, 0]
[3074, 571][0, 0, 0]
[3075, 571][0, 0, 0]
[3076, 571][0, 0, 0]
[3077, 571][0, 0, 0]
[3078, 571][0, 0, 0]
[3079, 571][0, 0, 0]
[3080, 571][0, 0, 0]
[3081, 571][0, 0, 0]
[3082, 571][0, 0, 0]
[3083, 571][0, 0, 0]
[3084, 571][0, 0, 0]
[3085, 571][0, 0, 0]
[3086, 571][0, 0, 0]
[3087, 571][0, 0, 0]
[3088, 571][0, 0, 0]
[3089, 571][0, 0, 0]
[3090, 571][0, 0, 0]
[3091, 571][0, 0, 0]
[3092, 571][0, 0, 0]
[3093, 571][0, 0, 0]
[3094, 571][0, 0, 0]
[3095, 571][0, 0, 0]
[3096, 571][0, 0, 0]
[3097, 571][0, 0, 0]
[3098, 571][0, 0, 0]
[3099, 571][0, 0, 0]
[3070, 572][0, 0, 0]
[3071, 572][0, 0, 0]
[3072, 572][0, 0, 0]
[3073, 572][0, 0, 0]
[3074, 572][0, 0, 0]
[3075, 572][0, 0, 0]
[3076, 572][0, 0, 0]
[3077, 572][0, 0, 0]
[3078, 572][0, 0, 0]
[3079, 572][0, 0, 0]
[3080, 572][0, 0, 0]
[3081, 572][0, 0, 0]
[3082, 572][0, 0, 0]
[3083, 572][0, 0, 0]
[3084, 572][0, 0, 0]
[3085, 572][0, 0, 0]
[3086, 572][0, 0, 0]
[3087, 572][0, 0, 0]
[3088, 572][0, 0, 0]
[3089, 572][0, 0, 0]
[3090, 572][0, 0, 0]
[3091, 572][0, 0, 0]
[3092, 572][0, 0, 0]
[3093, 572][0, 0, 0]
[3094, 572][0, 0, 0]
[3095, 572][0, 0, 0]
[3096, 572][0, 0, 0]
[3097, 572][0, 0, 0]
[3098, 572][0, 0, 0]
[3099, 572][0, 0, 0]
[3070, 1143][0, 0, 0]
[3071, 1143][0, 0, 0]
[3072, 1143][0, 0, 0]
[3073, 1143][0, 0, 0]
[3074, 1143][0, 0, 0]
[3075, 1143][0, 0, 0]
[3076, 1143][0, 0, 0]
[3077, 1143][0, 0, 0]
[3078, 1143][0, 0, 0]
[3079, 1143][0, 0, 0]
[3080, 1143][0, 0, 0]
[3081, 1143][0, 0, 0]
[3082, 1143][0, 0, 0]
[3083, 1143][0, 0, 0]
[3084, 1143][0, 0, 0]
[3085, 1143][0, 0, 0]
[3086, 1143][0, 0, 0]
[3087, 1143][0, 0, 0]
[3088, 1143][0, 0, 0]
[3089, 1143][0, 0, 0]
[3090, 1143][0, 0, 0]
[3091, 1143][0, 0, 0]
[3092, 1143][0, 0, 0]
[3093, 1143][0, 0, 0]
[3094, 1143][0, 0, 0]
[3095, 1143][0, 0, 0]
[3096, 1143][0, 0, 0]
[3097, 1143][0, 0, 0]
[3098, 1143][0, 0, 0]
[3099, 1143][0, 0, 0]
[3070, 1144][0, 0, 0]
[3071, 1144][0, 0, 0]
[3072, 1144][0, 0, 0]
[3073, 1144][0, 0, 0]
[3074, 1144][0, 0, 0]
[3075, 1144][0, 0, 0]
[3076, 1144][0, 0, 0]
[3077, 1144][0, 0, 0]
[3078, 1144][0, 0, 0]
[3079, 1144][0, 0, 0]
[3080, 1144][0, 0, 0]
[3081, 1144][0, 0, 0]
[3082, 1144][0, 0, 0]
[3083, 1144][0, 0, 0]
[3084, 1144][0, 0, 0]
[3085, 1144][0, 0, 0]
[3086, 1144][0, 0, 0]
[3087, 1144][0, 0, 0]
[3088, 1144][0, 0, 0]
[3089, 1144][0, 0, 0]
[3090, 1144][0, 0, 0]
[3091, 1144][0, 0, 0]
[3092, 1144][0, 0, 0]
[3093, 1144][0, 0, 0]
[3094, 1144][0, 0, 0]
[3095, 1144][0, 0, 0]
[3096, 1144][0, 0, 0]
[3097, 1144][0, 0, 0]
[3098, 1144][0, 0, 0]
[3099, 1144][0, 0, 0]
[3070, 285][0, 0, 0]
[3071, 285][0, 0, 0]
[3072, 285][0, 0, 0]
[3073, 285][0, 0, 0]
[3074, 285][0, 0, 0]
[3075, 285][0, 0, 0]
[3076, 285][0, 0, 0]
[3077, 285][0, 0, 0]
[3078, 285][0, 0, 0]
[3079, 285][0, 0, 0]
[3080, 285][0, 0, 0]
[3081, 285][0, 0, 0]
[3082, 285][0, 0, 0]
[3083, 285][0, 0, 0]
[3084, 285][0, 0, 0]
[3085, 285][0, 0, 0]
[3086, 285][0, 0, 0]
[3087, 285][0, 0, 0]
[3088, 285][0, 0, 0]
[3089, 285][0, 0, 0]
[3090, 285][0, 0, 0]
[3091, 285][0, 0, 0]
[3092, 285][0, 0, 0]
[3093, 285][0, 0, 0]
[3094, 285][0, 0, 0]
[3095, 285][0, 0, 0]
[3096, 285][0, 0, 0]
[3097, 285][0, 0, 0]
[3098, 285][0, 0, 0]
[3099, 285][0, 0, 0]
[3070, 286][0, 0, 0]
[3071, 286][0, 0, 0]
[3072, 286][0, 0, 0]
[3073, 286][0, 0, 0]
[3074, 286][0, 0, 0]
[3075, 286][0, 0, 0]
[3076, 286][0, 0, 0]
[3077, 286][0, 0, 0]
[3078, 286][0, 0, 0]
[3079, 286][0, 0, 0]
[3080, 286][0, 0, 0]
[3081, 286][0, 0, 0]
[3082, 286][0, 0, 0]
[3083, 286][0, 0, 0]
[3084, 286][0, 0, 0]
[3085, 286][0, 0, 0]
[3086, 286][0, 0, 0]
[3087, 286][0, 0, 0]
[3088, 286][0, 0, 0]
[3089, 286][0, 0, 0]
[3090, 286][0, 0, 0]
[3091, 286][0, 0, 0]
[3092, 286][0, 0, 0]
[3093, 286][0, 0, 0]
[3094, 286][0, 0, 0]
[3095, 286][0, 0, 0]
[3096, 286][0, 0, 0]
[3097, 286][0, 0, 0]
[3098, 286][0, 0, 0]
[3099, 286][0, 0, 0]
[3070, 857][0, 0, 0]
[3071, 857][0, 0, 0]
[3072, 857][0, 0, 0]
[3073, 857][0, 0, 0]
[3074, 857][0, 0, 0]
[3075, 857][0, 0, 0]
[3076, 857][0, 0, 0]
[3077, 857][0, 0, 0]
[3078, 857][0, 0, 0]
[3079, 857][0, 0, 0]
[3080, 857][0, 0, 0]
[3081, 857][0, 0, 0]
[3082, 857][0, 0, 0]
[3083, 857][0, 0, 0]
[3084, 857][0, 0, 0]
[3085, 857][0, 0, 0]
[3086, 857][0, 0, 0]
[3087, 857][0, 0, 0]
[3088, 857][0, 0, 0]
[3089, 857][0, 0, 0]
[3090, 857][0, 0, 0]
[3091, 857][0, 0, 0]
[3092, 857][0, 0, 0]
[3093, 857][0, 0, 0]
[3094, 857][0, 0, 0]
[3095, 857][0, 0, 0]
[3096, 857][0, 0, 0]
[3097, 857][0, 0, 0]
[3098, 857][0, 0, 0]
[3099, 857][0, 0, 0]
[3070, 858][0, 0, 0]
[3071, 858][0, 0, 0]
[3072, 858][0, 0, 0]
[3073, 858][0, 0, 0]
[3074, 858][0, 0, 0]
[3075, 858][0, 0, 0]
[3076, 858][0, 0, 0]
[3077, 858][0, 0, 0]
[3078, 858][0, 0, 0]
[3079, 858][0, 0, 0]
[3080, 858][0, 0, 0]
[3081, 858][0, 0, 0]
[3082, 858][0, 0, 0]
[3083, 858][0, 0, 0]
[3084, 858][0, 0, 0]
[3085, 858][0, 0, 0]
[3086, 858][0, 0, 0]
[3087, 858][0, 0, 0]
[3088, 858][0, 0, 0]
[3089, 858][0, 0, 0]
[3090, 858][0, 0, 0]
[3091, 858][0, 0, 0]
[3092, 858][0, 0, 0]
[3093, 858][0, 0, 0]
[3094, 858][0, 0, 0]
[3095, 858][0, 0, 0]
[3096, 858][0, 0, 0]
[3097, 858][0, 0, 0]
[3098, 858][0, 0, 0]
[3099, 858][0, 0, 0]
[3070, 1429][0, 0, 0]
[3071, 1429][0, 0, 0]
[3072, 1429][0, 0, 0]
[3073, 1429][0, 0, 0]
[3074, 1429][0, 0, 0]
[3075, 1429][0, 0, 0]
[3076, 1429][0, 0, 0]
[3077, 1429][0, 0, 0]
[3078, 1429][0, 0, 0]
[3079, 1429][0, 0, 0]
[3080, 1429][0, 0, 0]
[3081, 1429][0, 0, 0]
[3082, 1429][0, 0, 0]
[3083, 1429][0, 0, 0]
[3084, 1429][0, 0, 0]
[3085, 1429][0, 0, 0]
[3086, 1429][0, 0, 0]
[3087, 1429][0, 0, 0]
[3088, 1429][0, 0, 0]
[3089, 1429][0, 0, 0]
[3090, 1429][0, 0, 0]
[3091, 1429][0, 0, 0]
[3092, 1429][0, 0, 0]
[3093, 1429][0, 0, 0]
[3094, 1429][0, 0, 0]
[3095, 1429][0, 0, 0]
[3096, 1429][0, 0, 0]
[3097, 1429][0, 0, 0]
[3098, 1429][0, 0, 0]
[3099, 1429][0, 0, 0]
[3070, 1430][0, 0, 0]
[3071, 1430][0, 0, 0]
[3072, 1430][0, 0, 0]
[3073, 1430][0, 0, 0]
[3074, 1430][0, 0, 0]
[3075, 1430][0, 0, 0]
[3076, 1430][0, 0, 0]
[3077, 1430][0, 0, 0]
[3078, 1430][0, 0, 0]
[3079, 1430][0, 0, 0]
[3080, 1430][0, 0, 0]
[3081, 1430][0, 0, 0]
[3082, 1430][0, 0, 0]
[3083, 1430][0, 0, 0]
[3084, 1430][0, 0, 0]
[3085, 1430][0, 0, 0]
[3086, 1430][0, 0, 0]
[3087, 1430][0, 0, 0]
[3088, 1430][0, 0, 0]
[3089, 1430][0, 0, 0]
[3090, 1430][0, 0, 0]
[3091, 1430][0, 0, 0]
[3092, 1430][0, 0, 0]
[3093, 1430][0, 0, 0]
[3094, 1430][0, 0, 0]
[3095, 1430][0, 0, 0]
[3096, 1430][0, 0, 0]
[3097, 1430][0, 0, 0]
[3098, 1430][0, 0, 0]
[3099, 1430][0, 0, 0]
[775, 2][0, 0, 0]
[775, 3][0, 0, 0]
[775, 4][0, 0, 0]
[775, 5][0, 0, 0]
[775, 6][0, 0, 0]
[775, 7][0, 0, 0]
[775, 8][0, 0, 0]
[775, 9][0, 0, 0]
[775, 10][0, 0, 0]
[775, 11][0, 0, 0]
[775, 12][0, 0, 0]
[775, 13][0, 0, 0]
[775, 14][0, 0, 0]
[775, 15][0, 0, 0]
[775, 16][0, 0, 0]
[775, 17][0, 0, 0]
[775, 18][0, 0, 0]
[775, 19][0, 0, 0]
[775, 20][0, 0, 0]
[775, 21][0, 0, 0]
[775, 22][0, 0, 0]
[775, 23][0, 0, 0]
[775, 24][0, 0, 0]
[775, 25][0, 0, 0]
[775, 26][0, 0, 0]
[775, 27][0, 0, 0]
[775, 28][0, 0, 0]
[775, 29][0, 0, 0]
[775, 30][0, 0, 0]
[775, 31][0, 0, 0]
[776, 2][0, 0, 0]
[776, 3][0, 0, 0]
[776, 4][0, 0, 0]
[776, 5][0, 0, 0]
[776, 6][0, 0, 0]
[776, 7][0, 0, 0]
[776, 8][0, 0, 0]
[776, 9][0, 0, 0]
[776, 10][0, 0, 0]
[776, 11][0, 0, 0]
[776, 12][0, 0, 0]
[776, 13][0, 0, 0]
[776, 14][0, 0, 0]
[776, 15][0, 0, 0]
[776, 16][0, 0, 0]
[776, 17][0, 0, 0]
[776, 18][0, 0, 0]
[776, 19][0, 0, 0]
[776, 20][0, 0, 0]
[776, 21][0, 0, 0]
[776, 22][0, 0, 0]
[776, 23][0, 0, 0]
[776, 24][0, 0, 0]
[776, 25][0, 0, 0]
[776, 26][0, 0, 0]
[776, 27][0, 0, 0]
[776, 28][0, 0, 0]
[776, 29][0, 0, 0]
[776, 30][0, 0, 0]
[776, 31][0, 0, 0]
[1550, 2][0, 0, 0]
[1550, 3][0, 0, 0]
[1550, 4][0, 0, 0]
[1550, 5][0, 0, 0]
[1550, 6][0, 0, 0]
[1550, 7][0, 0, 0]
[1550, 8][0, 0, 0]
[1550, 9][0, 0, 0]
[1550, 10][0, 0, 0]
[1550, 11][0, 0, 0]
[1550, 12][0, 0, 0]
[1550, 13][0, 0, 0]
[1550, 14][0, 0, 0]
[1550, 15][0, 0, 0]
[1550, 16][0, 0, 0]
[1550, 17][0, 0, 0]
[1550, 18][0, 0, 0]
[1550, 19][0, 0, 0]
[1550, 20][0, 0, 0]
[1550, 21][0, 0, 0]
[1550, 22][0, 0, 0]
[1550, 23][0, 0, 0]
[1550, 24][0, 0, 0]
[1550, 25][0, 0, 0]
[1550, 26][0, 0, 0]
[1550, 27][0, 0, 0]
[1550, 28][0, 0, 0]
[1550, 29][0, 0, 0]
[1550, 30][0, 0, 0]
[1550, 31][0, 0, 0]
[1551, 2][0, 0, 0]
[1551, 3][0, 0, 0]
[1551, 4][0, 0, 0]
[1551, 5][0, 0, 0]
[1551, 6][0, 0, 0]
[1551, 7][0, 0, 0]
[1551, 8][0, 0, 0]
[1551, 9][0, 0, 0]
[1551, 10][0, 0, 0]
[1551, 11][0, 0, 0]
[1551, 12][0, 0, 0]
[1551, 13][0, 0, 0]
[1551, 14][0, 0, 0]
[1551, 15][0, 0, 0]
[1551, 16][0, 0, 0]
[1551, 17][0, 0, 0]
[1551, 18][0, 0, 0]
[1551, 19][0, 0, 0]
[1551, 20][0, 0, 0]
[1551, 21][0, 0, 0]
[1551, 22][0, 0, 0]
[1551, 23][0, 0, 0]
[1551, 24][0, 0, 0]
[1551, 25][0, 0, 0]
[1551, 26][0, 0, 0]
[1551, 27][0, 0, 0]
[1551, 28][0, 0, 0]
[1551, 29][0, 0, 0]
[1551, 30][0, 0, 0]
[1551, 31][0, 0, 0]
[2325, 2][0, 0, 0]
[2325, 3][0, 0, 0]
[2325, 4][0, 0, 0]
[2325, 5][0, 0, 0]
[2325, 6][0, 0, 0]
[2325, 7][0, 0, 0]
[2325, 8][0, 0, 0]
[2325, 9][0, 0, 0]
[2325, 10][0, 0, 0]
[2325, 11][0, 0, 0]
[2325, 12][0, 0, 0]
[2325, 13][0, 0, 0]
[2325, 14][0, 0, 0]
[2325, 15][0, 0, 0]
[2325, 16][0, 0, 0]
[2325, 17][0, 0, 0]
[2325, 18][0, 0, 0]
[2325, 19][0, 0, 0]
[2325, 20][0, 0, 0]
[2325, 21][0, 0, 0]
[2325, 22][0, 0, 0]
[2325, 23][0, 0, 0]
[2325, 24][0, 0, 0]
[2325, 25][0, 0, 0]
[2325, 26][0, 0, 0]
[2325, 27][0, 0, 0]
[2325, 28][0, 0, 0]
[2325, 29][0, 0, 0]
[2325, 30][0, 0, 0]
[2325, 31][0, 0, 0]
[2326, 2][0, 0, 0]
[2326, 3][0, 0, 0]
[2326, 4][0, 0, 0]
[2326, 5][0, 0, 0]
[2326, 6][0, 0, 0]
[2326, 7][0, 0, 0]
[2326, 8][0, 0, 0]
[2326, 9][0, 0, 0]
[2326, 10][0, 0, 0]
[2326, 11][0, 0, 0]
[2326, 12][0, 0, 0]
[2326, 13][0, 0, 0]
[2326, 14][0, 0, 0]
[2326, 15][0, 0, 0]
[2326, 16][0, 0, 0]
[2326, 17][0, 0, 0]
[2326, 18][0, 0, 0]
[2326, 19][0, 0, 0]
[2326, 20][0, 0, 0]
[2326, 21][0, 0, 0]
[2326, 22][0, 0, 0]
[2326, 23][0, 0, 0]
[2326, 24][0, 0, 0]
[2326, 25][0, 0, 0]
[2326, 26][0, 0, 0]
[2326, 27][0, 0, 0]
[2326, 28][0, 0, 0]
[2326, 29][0, 0, 0]
[2326, 30][0, 0, 0]
[2326, 31][0, 0, 0]
[775, 1684][0, 0, 0]
[775, 1685][0, 0, 0]
[775, 1686][0, 0, 0]
[775, 1687][0, 0, 0]
[775, 1688][0, 0, 0]
[775, 1689][0, 0, 0]
[775, 1690][0, 0, 0]
[775, 1691][0, 0, 0]
[775, 1692][0, 0, 0]
[775, 1693][0, 0, 0]
[775, 1694][0, 0, 0]
[775, 1695][0, 0, 0]
[775, 1696][0, 0, 0]
[775, 1697][0, 0, 0]
[775, 1698][0, 0, 0]
[775, 1699][0, 0, 0]
[775, 1700][0, 0, 0]
[775, 1701][0, 0, 0]
[775, 1702][0, 0, 0]
[775, 1703][0, 0, 0]
[775, 1704][0, 0, 0]
[775, 1705][0, 0, 0]
[775, 1706][0, 0, 0]
[775, 1707][0, 0, 0]
[775, 1708][0, 0, 0]
[775, 1709][0, 0, 0]
[775, 1710][0, 0, 0]
[775, 1711][0, 0, 0]
[775, 1712][0, 0, 0]
[775, 1713][0, 0, 0]
[775, 1714][0, 0, 0]
[776, 1684][0, 0, 0]
[776, 1685][0, 0, 0]
[776, 1686][0, 0, 0]
[776, 1687][0, 0, 0]
[776, 1688][0, 0, 0]
[776, 1689][0, 0, 0]
[776, 1690][0, 0, 0]
[776, 1691][0, 0, 0]
[776, 1692][0, 0, 0]
[776, 1693][0, 0, 0]
[776, 1694][0, 0, 0]
[776, 1695][0, 0, 0]
[776, 1696][0, 0, 0]
[776, 1697][0, 0, 0]
[776, 1698][0, 0, 0]
[776, 1699][0, 0, 0]
[776, 1700][0, 0, 0]
[776, 1701][0, 0, 0]
[776, 1702][0, 0, 0]
[776, 1703][0, 0, 0]
[776, 1704][0, 0, 0]
[776, 1705][0, 0, 0]
[776, 1706][0, 0, 0]
[776, 1707][0, 0, 0]
[776, 1708][0, 0, 0]
[776, 1709][0, 0, 0]
[776, 1710][0, 0, 0]
[776, 1711][0, 0, 0]
[776, 1712][0, 0, 0]
[776, 1713][0, 0, 0]
[776, 1714][0, 0, 0]
[1550, 1684][0, 0, 0]
[1550, 1685][0, 0, 0]
[1550, 1686][0, 0, 0]
[1550, 1687][0, 0, 0]
[1550, 1688][0, 0, 0]
[1550, 1689][0, 0, 0]
[1550, 1690][0, 0, 0]
[1550, 1691][0, 0, 0]
[1550, 1692][0, 0, 0]
[1550, 1693][0, 0, 0]
[1550, 1694][0, 0, 0]
[1550, 1695][0, 0, 0]
[1550, 1696][0, 0, 0]
[1550, 1697][0, 0, 0]
[1550, 1698][0, 0, 0]
[1550, 1699][0, 0, 0]
[1550, 1700][0, 0, 0]
[1550, 1701][0, 0, 0]
[1550, 1702][0, 0, 0]
[1550, 1703][0, 0, 0]
[1550, 1704][0, 0, 0]
[1550, 1705][0, 0, 0]
[1550, 1706][0, 0, 0]
[1550, 1707][0, 0, 0]
[1550, 1708][0, 0, 0]
[1550, 1709][0, 0, 0]
[1550, 1710][0, 0, 0]
[1550, 1711][0, 0, 0]
[1550, 1712][0, 0, 0]
[1550, 1713][0, 0, 0]
[1550, 1714][0, 0, 0]
[1551, 1684][0, 0, 0]
[1551, 1685][0, 0, 0]
[1551, 1686][0, 0, 0]
[1551, 1687][0, 0, 0]
[1551, 1688][0, 0, 0]
[1551, 1689][0, 0, 0]
[1551, 1690][0, 0, 0]
[1551, 1691][0, 0, 0]
[1551, 1692][0, 0, 0]
[1551, 1693][0, 0, 0]
[1551, 1694][0, 0, 0]
[1551, 1695][0, 0, 0]
[1551, 1696][0, 0, 0]
[1551, 1697][0, 0, 0]
[1551, 1698][0, 0, 0]
[1551, 1699][0, 0, 0]
[1551, 1700][0, 0, 0]
[1551, 1701][0, 0, 0]
[1551, 1702][0, 0, 0]
[1551, 1703][0, 0, 0]
[1551, 1704][0, 0, 0]
[1551, 1705][0, 0, 0]
[1551, 1706][0, 0, 0]
[1551, 1707][0, 0, 0]
[1551, 1708][0, 0, 0]
[1551, 1709][0, 0, 0]
[1551, 1710][0, 0, 0]
[1551, 1711][0, 0, 0]
[1551, 1712][0, 0, 0]
[1551, 1713][0, 0, 0]
[1551, 1714][0, 0, 0]
[2325, 1684][0, 0, 0]
[2325, 1685][0, 0, 0]
[2325, 1686][0, 0, 0]
[2325, 1687][0, 0, 0]
[2325, 1688][0, 0, 0]
[2325, 1689][0, 0, 0]
[2325, 1690][0, 0, 0]
[2325, 1691][0, 0, 0]
[2325, 1692][0, 0, 0]
[2325, 1693][0, 0, 0]
[2325, 1694][0, 0, 0]
[2325, 1695][0, 0, 0]
[2325, 1696][0, 0, 0]
[2325, 1697][0, 0, 0]
[2325, 1698][0, 0, 0]
[2325, 1699][0, 0, 0]
[2325, 1700][0, 0, 0]
[2325, 1701][0, 0, 0]
[2325, 1702][0, 0, 0]
[2325, 1703][0, 0, 0]
[2325, 1704][0, 0, 0]
[2325, 1705][0, 0, 0]
[2325, 1706][0, 0, 0]
[2325, 1707][0, 0, 0]
[2325, 1708][0, 0, 0]
[2325, 1709][0, 0, 0]
[2325, 1710][0, 0, 0]
[2325, 1711][0, 0, 0]
[2325, 1712][0, 0, 0]
[2325, 1713][0, 0, 0]
[2325, 1714][0, 0, 0]
[2326, 1684][0, 0, 0]
[2326, 1685][0, 0, 0]
[2326, 1686][0, 0, 0]
[2326, 1687][0, 0, 0]
[2326, 1688][0, 0, 0]
[2326, 1689][0, 0, 0]
[2326, 1690][0, 0, 0]
[2326, 1691][0, 0, 0]
[2326, 1692][0, 0, 0]
[2326, 1693][0, 0, 0]
[2326, 1694][0, 0, 0]
[2326, 1695][0, 0, 0]
[2326, 1696][0, 0, 0]
[2326, 1697][0, 0, 0]
[2326, 1698][0, 0, 0]
[2326, 1699][0, 0, 0]
[2326, 1700][0, 0, 0]
[2326, 1701][0, 0, 0]
[2326, 1702][0, 0, 0]
[2326, 1703][0, 0, 0]
[2326, 1704][0, 0, 0]
[2326, 1705][0, 0, 0]
[2326, 1706][0, 0, 0]
[2326, 1707][0, 0, 0]
[2326, 1708][0, 0, 0]
[2326, 1709][0, 0, 0]
[2326, 1710][0, 0, 0]
[2326, 1711][0, 0, 0]
[2326, 1712][0, 0, 0]
[2326, 1713][0, 0, 0]
[2326, 1714][0, 0, 0]
