0.01	7.13034762659
0.0106451612903	7.14475214273
0.0112903225806	7.16497065309
0.011935483871	7.18524786159
0.0129032258065	7.21722507015
0.0138709677419	7.24933291577
0.0148387096774	7.28156332884
0.0158064516129	7.31390872128
0.0174193548387	7.36706706494
0.0183870967742	7.39968243896
0.02	7.45324657005
0.0203225806452	7.4621958401
0.0206451612903	7.47115107678
0.0209677419355	7.47712449662
0.0212903225806	7.48310048966
0.0229032258065	7.51601308368
0.0232258064516	7.5220050641
0.0235483870968	7.5279993938
0.0251612903226	7.56100893833
0.0254838709677	7.56701785483
0.0258064516129	7.57302891331
0.0261290322581	7.57904208729
0.0277419354839	7.61215120159
0.028064516129	7.61817749955
0.0283870967742	7.62420572286
0.0287096774194	7.63023584723
0.0290322580645	7.63626784862
0.0293548387097	7.64230170321
0.0296774193548	7.64833738745
0.03	7.65437487798
0.0303225806452	7.66041415171
0.0306451612903	7.66645518576
0.0312903225806	7.67551998794
0.031935483871	7.68458862441
0.0325806451613	7.69366102078
0.0332258064516	7.70273710373
0.0348387096774	7.72695746895
0.0354838709677	7.73604645939
0.0361290322581	7.74513880825
0.0367741935484	7.75423444806
0.0374193548387	7.76333331236
0.038064516129	7.77243533564
0.0387096774194	7.78154045333
0.0393548387097	7.79064860178
0.04	7.79975971828
0.0412903225806	7.81495134057
0.0429032258065	7.83319154905
0.0432258064516	7.83623264139
0.0448387096774	7.8544853451
0.0451612903226	7.85752846759
0.0467741935484	7.87579304436
0.0470967741935	7.87883809502
0.0487096774194	7.89711394299
0.0490322580645	7.90016082316
0.0493548387097	7.90320795683
0.0496774193548	7.90625534206
0.05	7.90930297691
0.0503225806452	7.91235085947
0.0506451612903	7.91539898782
0.0509677419355	7.91844736007
0.0512903225806	7.92149597431
0.0516129032258	7.92454482866
0.051935483871	7.92759392125
0.0522580645161	7.93064325021
0.0525806451613	7.93369281368
0.0529032258065	7.93674260981
0.0532258064516	7.93979263676
0.0535483870968	7.9428428927
0.0538709677419	7.9458933758
0.0541935483871	7.94894408425
0.0545161290323	7.95199501624
0.0548387096774	7.95504616998
0.0551612903226	7.95809754366
0.0554838709677	7.96114913551
0.0570967741935	7.97335764927
0.0574193548387	7.97641030552
0.0577419354839	7.97946316943
0.058064516129	7.98251623926
0.0583870967742	7.9855695133
0.0587096774194	7.98862298983
0.0590322580645	7.99167666717
0.0593548387097	7.9947305436
0.0596774193548	7.99778461746
0.06	8.00083888705
0.0603225806452	8.00389335072
0.0606451612903	8.00694800679
0.0622580645161	8.01916852218
0.0638709677419	8.03139198509
0.0654838709677	8.04361829273
0.0670967741935	8.05584734419
0.0674193548387	8.05890502412
0.0690322580645	8.07113736625
0.0703225806452	8.08031328408
0.0716129032258	8.08949058109
0.0725806451613	8.09560952571
0.0735483870968	8.10172905405
0.0748387096774	8.11090941587
0.0758064516129	8.11703035336
0.0767741935484	8.12315183473
0.078064516129	8.13233505219
0.0790322580645	8.13845784468
0.08	8.14458114245
0.0809677419355	8.1507049347
0.081935483871	8.15682921072
0.0835483870968	8.16601650863
0.0845161290323	8.17214194784
0.0861290322581	8.18133094166
0.0870967741935	8.18745747922
0.0887096774194	8.19664807275
0.0903225806452	8.20583958082
0.0909677419355	8.20890361429
0.0925806451613	8.21809628987
0.0932258064516	8.22116070274
0.0938709677419	8.22422520743
0.0954838709677	8.23341926046
0.0961290322581	8.23648412051
0.0967741935484	8.23954906643
0.0983870967742	8.24874440779
0.0990322580645	8.25180968556
0.0996774193548	8.2548750434
0.100322580645	8.25794048016
0.100967741935	8.2610059947
0.101612903226	8.26407158588
0.102258064516	8.26713725257
0.102903225806	8.27020299365
0.103548387097	8.27326880799
0.104193548387	8.27633469448
0.104838709677	8.279400652
0.105483870968	8.28246667945
0.106129032258	8.28553277572
0.106774193548	8.28859893972
0.107419354839	8.29166517035
0.108064516129	8.29473146653
0.108709677419	8.29779782718
0.10935483871	8.30086425121
0.11	8.30393073756
0.11064516129	8.30699728515
0.111290322581	8.31006389292
0.111935483871	8.31313055981
0.112580645161	8.31619728477
0.113225806452	8.31926406675
0.114838709677	8.32539779759
0.115483870968	8.32846474437
0.116129032258	8.33153174401
0.116774193548	8.3345987955
0.117419354839	8.33766589779
0.119032258065	8.34380025077
0.119677419355	8.34686749942
0.120322580645	8.34993479484
0.121935483871	8.356069522
0.122580645161	8.35913695175
0.124193548387	8.36527193866
0.124838709677	8.36833949385
0.126451612903	8.37447472285
0.128064516129	8.38061010355
0.128709677419	8.38367784839
0.130322580645	8.38981344228
0.131935483871	8.39594916881
0.133548387097	8.40208502047
0.135161290323	8.40822098981
0.136129032258	8.41128901631
0.137741935484	8.41742514838
0.13935483871	8.42356137981
0.140322580645	8.42662953053
0.141935483871	8.43276589748
0.142903225806	8.43583411194
0.143870967742	8.43890234587
0.145483870968	8.44503886862
0.146451612903	8.4481071557
0.147419354839	8.45117545874
0.148387096774	8.45424377689
0.14935483871	8.45731210929
0.150322580645	8.46038045506
0.151290322581	8.46344881337
0.152258064516	8.46651718335
0.153225806452	8.46958556417
0.154193548387	8.47265395498
0.155161290323	8.47572235493
0.156129032258	8.4787907632
0.157096774194	8.48185917894
0.158064516129	8.48492760133
0.159032258065	8.48799602955
0.16	8.49106446278
0.160967741935	8.49413290018
0.161935483871	8.49720134096
0.162903225806	8.5002697843
0.163870967742	8.50333822938
0.164838709677	8.50640667541
0.165806451613	8.50947512159
0.166774193548	8.51254356712
0.167741935484	8.5156120112
0.168709677419	8.51868045304
0.169677419355	8.52174889186
0.17064516129	8.52481732688
0.171612903226	8.52788575731
0.172580645161	8.53095418237
0.173870967742	8.5340226013
0.174838709677	8.53709101332
0.175806451613	8.54015941766
0.177096774194	8.54322781357
0.178064516129	8.54629620028
0.179032258065	8.54936457703
0.180322580645	8.55243294307
0.181290322581	8.55550129765
0.182580645161	8.55856964003
0.183548387097	8.56163796945
0.184838709677	8.56470628519
0.185806451613	8.56777458649
0.187096774194	8.57084287263
0.188387096774	8.57391114287
0.18935483871	8.57697939649
0.190322580645	8.58004763276
0.191612903226	8.58311585096
0.192903225806	8.58618405037
0.194193548387	8.58925223027
0.195483870968	8.59232038996
0.196774193548	8.59538852872
0.198064516129	8.59845664584
0.19935483871	8.60152474063
0.20064516129	8.60459281237
0.201935483871	8.60766086038
0.203225806452	8.61072888396
0.204516129032	8.61379688242
0.205806451613	8.61686485507
0.207096774194	8.61993280122
0.208387096774	8.62300072019
0.209677419355	8.6260686113
0.210967741935	8.62913647387
0.212258064516	8.63220430724
0.213548387097	8.63527211073
0.214838709677	8.63833988366
0.216129032258	8.64140762538
0.217419354839	8.64447533523
0.218709677419	8.64754301253
0.22	8.65061065665
0.221290322581	8.65367826692
0.222580645161	8.65674584268
0.223870967742	8.6598133833
0.225161290323	8.66288088813
0.226451612903	8.66594835653
0.227741935484	8.66901578784
0.229032258065	8.67208318145
0.230322580645	8.6751505367
0.231612903226	8.67821785298
0.233225806452	8.68128512964
0.234516129032	8.68435236607
0.236129032258	8.68741956164
0.237419354839	8.69048671573
0.238709677419	8.69355382772
0.240322580645	8.696620897
0.241935483871	8.69968792295
0.243225806452	8.70275490495
0.244838709677	8.70582184241
0.246451612903	8.70888873472
0.248064516129	8.71195558127
0.249677419355	8.71502238146
0.251290322581	8.7180891347
0.252903225806	8.7211558404
0.254516129032	8.72422249795
0.256129032258	8.72728910676
0.257741935484	8.73035566626
0.25935483871	8.73342217586
0.260967741935	8.73648863496
0.262580645161	8.739555043
0.264193548387	8.74262139939
0.265806451613	8.74568770357
0.267419354839	8.74875395495
0.269032258065	8.75182015297
0.27064516129	8.75488629705
0.272258064516	8.75795238664
0.273870967742	8.76101842117
0.275483870968	8.76408440008
0.277096774194	8.76715032281
0.278709677419	8.77021618881
0.280322580645	8.77328199752
0.281935483871	8.77634774839
0.283548387097	8.77941344087
0.285161290323	8.78247907442
0.285483870968	8.78247907442
0.287096774194	8.78554464849
0.288709677419	8.78861016254
0.289032258065	8.78861016254
0.29064516129	8.79167561603
0.292258064516	8.79474100842
0.292580645161	8.79474100842
0.294193548387	8.79780633919
0.294516129032	8.79780633919
0.296129032258	8.80087160778
0.297741935484	8.80393681369
0.298064516129	8.80393681369
0.299677419355	8.80700195637
0.301290322581	8.8100670353
0.301612903226	8.8100670353
0.303225806452	8.81313204996
0.303548387097	8.81313204996
0.305161290323	8.81619699983
0.305483870968	8.81619699983
0.307096774194	8.81926188438
0.307419354839	8.81926188438
0.307741935484	8.81926188438
0.308064516129	8.81926188438
0.308387096774	8.81926188438
0.308709677419	8.81926188438
0.310322580645	8.8223267031
0.31064516129	8.8223267031
0.312258064516	8.82539145548
0.313870967742	8.82845614101
0.314193548387	8.82845614101
0.315806451613	8.83152075916
0.316129032258	8.83152075916
0.317741935484	8.83458530944
0.318064516129	8.83458530944
0.319677419355	8.83764979134
0.321290322581	8.84071420435
0.322903225806	8.84377854798
0.324516129032	8.84684282172
0.324838709677	8.84684282172
0.326451612903	8.84990702508
0.326774193548	8.84990702508
0.328387096774	8.85297115755
0.328709677419	8.85297115755
0.330322580645	8.85603521866
0.33064516129	8.85603521866
0.330967741935	8.85603521866
0.331290322581	8.85603521866
0.331612903226	8.85603521866
0.331935483871	8.85603521866
0.332258064516	8.85603521866
0.333870967742	8.8590992079
0.334193548387	8.8590992079
0.335806451613	8.86216312478
0.336129032258	8.86216312478
0.337741935484	8.86522696883
0.338064516129	8.86522696883
0.338387096774	8.86522696883
0.34	8.86829073955
0.340322580645	8.86829073955
0.341935483871	8.87135443647
0.342258064516	8.87135443647
0.342580645161	8.87135443647
0.344193548387	8.8744180591
0.344516129032	8.8744180591
0.346129032258	8.87748160696
0.346451612903	8.87748160696
0.346774193548	8.87748160696
0.348387096774	8.88054507957
0.348709677419	8.88054507957
0.350322580645	8.88360847647
0.35064516129	8.88360847647
0.350967741935	8.88360847647
0.352580645161	8.88667179718
0.352903225806	8.88667179718
0.353225806452	8.88667179718
0.354838709677	8.88973504123
0.355161290323	8.88973504123
0.355483870968	8.88973504123
0.357096774194	8.89279820814
0.357419354839	8.89279820814
0.359032258065	8.89586129746
0.35935483871	8.89586129746
0.359677419355	8.89586129746
0.361290322581	8.89892430872
0.361612903226	8.89892430872
0.361935483871	8.89892430872
0.363548387097	8.90198724145
0.363870967742	8.90198724145
0.364193548387	8.90198724145
0.365806451613	8.9050500952
0.366129032258	8.9050500952
0.366451612903	8.9050500952
0.368064516129	8.90811286951
0.368387096774	8.90811286951
0.368709677419	8.90811286951
0.370322580645	8.91117556392
0.37064516129	8.91117556392
0.370967741935	8.91117556392
0.372580645161	8.91423817797
0.372903225806	8.91423817797
0.373225806452	8.91423817797
0.374838709677	8.91730071121
0.375161290323	8.91730071121
0.375483870968	8.91730071121
0.377096774194	8.9203631632
0.377419354839	8.9203631632
0.377741935484	8.9203631632
0.37935483871	8.92342553347
0.379677419355	8.92342553347
0.38	8.92342553347
0.381612903226	8.9264878216
0.381935483871	8.9264878216
0.382258064516	8.9264878216
0.382580645161	8.9264878216
0.384193548387	8.92955002712
0.384516129032	8.92955002712
0.384838709677	8.92955002712
0.386451612903	8.9326121496
0.386774193548	8.9326121496
0.387096774194	8.9326121496
0.388709677419	8.93567418859
0.389032258065	8.93567418859
0.38935483871	8.93567418859
0.389677419355	8.93567418859
0.391290322581	8.93873614366
0.391612903226	8.93873614366
0.391935483871	8.93873614366
0.393548387097	8.94179801437
0.393870967742	8.94179801437
0.394193548387	8.94179801437
0.394516129032	8.94179801437
0.396129032258	8.94485980028
0.396451612903	8.94485980028
0.396774193548	8.94485980028
0.398387096774	8.94792150096
0.398709677419	8.94792150096
0.399032258065	8.94792150096
0.39935483871	8.94792150096
0.400967741935	8.95098311598
0.401290322581	8.95098311598
0.401612903226	8.95098311598
0.403225806452	8.9540446449
0.403548387097	8.9540446449
0.403870967742	8.9540446449
0.404193548387	8.9540446449
0.405806451613	8.95710608729
0.406129032258	8.95710608729
0.406451612903	8.95710608729
0.406774193548	8.95710608729
0.408387096774	8.96016744274
0.408709677419	8.96016744274
0.409032258065	8.96016744274
0.41064516129	8.96322871082
0.410967741935	8.96322871082
0.411290322581	8.96322871082
0.411612903226	8.96322871082
0.413225806452	8.9662898911
0.413548387097	8.9662898911
0.413870967742	8.9662898911
0.414193548387	8.9662898911
0.415806451613	8.96935098316
0.416129032258	8.96935098316
0.416451612903	8.96935098316
0.416774193548	8.96935098316
0.418387096774	8.97241198658
0.418709677419	8.97241198658
0.419032258065	8.97241198658
0.41935483871	8.97241198658
0.420967741935	8.97547290095
0.421290322581	8.97547290095
0.421612903226	8.97547290095
0.421935483871	8.97547290095
0.423548387097	8.97853372585
0.423870967742	8.97853372585
0.424193548387	8.97853372585
0.424516129032	8.97853372585
0.426129032258	8.98159446087
0.426451612903	8.98159446087
0.426774193548	8.98159446087
0.427096774194	8.98159446087
0.428709677419	8.98465510558
0.429032258065	8.98465510558
0.42935483871	8.98465510558
0.429677419355	8.98465510558
0.431290322581	8.98771565959
0.431612903226	8.98771565959
0.431935483871	8.98771565959
0.432258064516	8.98771565959
0.433870967742	8.99077612249
0.434193548387	8.99077612249
0.434516129032	8.99077612249
0.434838709677	8.99077612249
0.435161290323	8.99077612249
0.436774193548	8.99383649386
0.437096774194	8.99383649386
0.437419354839	8.99383649386
0.437741935484	8.99383649386
0.43935483871	8.9968967733
0.439677419355	8.9968967733
0.44	8.9968967733
0.440322580645	8.9968967733
0.441935483871	8.99995696041
0.442258064516	8.99995696041
0.442580645161	8.99995696041
0.442903225806	8.99995696041
0.443225806452	8.99995696041
0.444838709677	9.00301705479
0.445161290323	9.00301705479
0.445483870968	9.00301705479
0.445806451613	9.00301705479
0.447419354839	9.00607705604
0.447741935484	9.00607705604
0.448064516129	9.00607705604
0.448387096774	9.00607705604
0.448709677419	9.00607705604
0.450322580645	9.00913696375
0.45064516129	9.00913696375
0.450967741935	9.00913696375
0.451290322581	9.00913696375
0.452903225806	9.01219677753
0.453225806452	9.01219677753
0.453548387097	9.01219677753
0.453870967742	9.01219677753
0.454193548387	9.01219677753
0.455806451613	9.01525649699
0.456129032258	9.01525649699
0.456451612903	9.01525649699
0.456774193548	9.01525649699
0.457096774194	9.01525649699
0.458709677419	9.01831612173
0.459032258065	9.01831612173
0.45935483871	9.01831612173
0.459677419355	9.01831612173
0.461290322581	9.02137565137
0.461612903226	9.02137565137
0.461935483871	9.02137565137
0.462258064516	9.02137565137
0.462580645161	9.02137565137
0.464193548387	9.0244350855
0.464516129032	9.0244350855
0.464838709677	9.0244350855
0.465161290323	9.0244350855
0.465483870968	9.0244350855
0.467096774194	9.02749442375
0.467419354839	9.02749442375
0.467741935484	9.02749442375
0.468064516129	9.02749442375
0.468387096774	9.02749442375
0.47	9.03055366572
0.470322580645	9.03055366572
0.47064516129	9.03055366572
0.470967741935	9.03055366572
0.471290322581	9.03055366572
0.472903225806	9.03361281104
0.473225806452	9.03361281104
0.473548387097	9.03361281104
0.473870967742	9.03361281104
0.474193548387	9.03361281104
0.475806451613	9.03667185932
0.476129032258	9.03667185932
0.476451612903	9.03667185932
0.476774193548	9.03667185932
0.477096774194	9.03667185932
0.478709677419	9.03973081017
0.479032258065	9.03973081017
0.47935483871	9.03973081017
0.479677419355	9.03973081017
0.48	9.03973081017
0.481612903226	9.04278966322
0.481935483871	9.04278966322
0.482258064516	9.04278966322
0.482580645161	9.04278966322
0.482903225806	9.04278966322
0.484516129032	9.04584841808
0.484838709677	9.04584841808
0.485161290323	9.04584841808
0.485483870968	9.04584841808
0.485806451613	9.04584841808
0.487419354839	9.04890707439
0.487741935484	9.04890707439
0.488064516129	9.04890707439
0.488387096774	9.04890707439
0.488709677419	9.04890707439
0.490322580645	9.05196563177
0.49064516129	9.05196563177
0.490967741935	9.05196563177
0.491290322581	9.05196563177
0.491612903226	9.05196563177
0.491935483871	9.05196563177
0.493548387097	9.05502408983
0.493870967742	9.05502408983
0.494193548387	9.05502408983
0.494516129032	9.05502408983
0.494838709677	9.05502408983
0.496451612903	9.05808244822
0.496774193548	9.05808244822
0.497096774194	9.05808244822
0.497419354839	9.05808244822
0.497741935484	9.05808244822
0.498064516129	9.05808244822
0.499677419355	9.06114070656
0.5	9.06114070656
0.500322580645	9.06114070656
0.50064516129	9.06114070656
0.500967741935	9.06114070656
0.502580645161	9.06419886448
0.502903225806	9.06419886448
0.503225806452	9.06419886448
0.503548387097	9.06419886448
0.503870967742	9.06419886448
0.504193548387	9.06419886448
0.505806451613	9.06725692161
0.506129032258	9.06725692161
0.506451612903	9.06725692161
0.506774193548	9.06725692161
0.507096774194	9.06725692161
0.508709677419	9.07031487759
0.509032258065	9.07031487759
0.50935483871	9.07031487759
0.509677419355	9.07031487759
0.51	9.07031487759
0.510322580645	9.07031487759
0.511935483871	9.07337273206
0.512258064516	9.07337273206
0.512580645161	9.07337273206
0.512903225806	9.07337273206
0.513225806452	9.07337273206
0.513548387097	9.07337273206
0.515161290323	9.07643048465
0.515483870968	9.07643048465
0.515806451613	9.07643048465
0.516129032258	9.07643048465
0.516451612903	9.07643048465
0.518064516129	9.079488135
0.518387096774	9.079488135
0.518709677419	9.079488135
0.519032258065	9.079488135
0.51935483871	9.079488135
0.519677419355	9.079488135
0.521290322581	9.08254568275
0.521612903226	9.08254568275
0.521935483871	9.08254568275
0.522258064516	9.08254568275
0.522580645161	9.08254568275
0.522903225806	9.08254568275
0.524516129032	9.08560312755
0.524838709677	9.08560312755
0.525161290323	9.08560312755
0.525483870968	9.08560312755
0.525806451613	9.08560312755
0.526129032258	9.08560312755
0.527741935484	9.08866046903
0.528064516129	9.08866046903
0.528387096774	9.08866046903
0.528709677419	9.08866046903
0.529032258065	9.08866046903
0.52935483871	9.08866046903
0.530967741935	9.09171770685
0.531290322581	9.09171770685
0.531612903226	9.09171770685
0.531935483871	9.09171770685
0.532258064516	9.09171770685
0.532580645161	9.09171770685
0.534193548387	9.09477484064
0.534516129032	9.09477484064
0.534838709677	9.09477484064
0.535161290323	9.09477484064
0.535483870968	9.09477484064
0.535806451613	9.09477484064
0.537419354839	9.09783187006
0.537741935484	9.09783187006
0.538064516129	9.09783187006
0.538387096774	9.09783187006
0.538709677419	9.09783187006
0.539032258065	9.09783187006
0.53935483871	9.09783187006
0.540967741935	9.10088879476
0.541290322581	9.10088879476
0.541612903226	9.10088879476
0.541935483871	9.10088879476
0.542258064516	9.10088879476
0.542580645161	9.10088879476
0.544193548387	9.10394561439
0.544516129032	9.10394561439
0.544838709677	9.10394561439
0.545161290323	9.10394561439
0.545483870968	9.10394561439
0.545806451613	9.10394561439
0.547419354839	9.1070023286
0.547741935484	9.1070023286
0.548064516129	9.1070023286
0.548387096774	9.1070023286
0.548709677419	9.1070023286
0.549032258065	9.1070023286
0.54935483871	9.1070023286
0.550967741935	9.11005893705
0.551290322581	9.11005893705
0.551612903226	9.11005893705
0.551935483871	9.11005893705
0.552258064516	9.11005893705
0.552580645161	9.11005893705
0.554193548387	9.11311543938
0.554516129032	9.11311543938
0.554838709677	9.11311543938
0.555161290323	9.11311543938
0.555483870968	9.11311543938
0.555806451613	9.11311543938
0.556129032258	9.11311543938
0.557741935484	9.11617183527
0.558064516129	9.11617183527
0.558387096774	9.11617183527
0.558709677419	9.11617183527
0.559032258065	9.11617183527
0.55935483871	9.11617183527
0.560967741935	9.11922812436
0.561290322581	9.11922812436
0.561612903226	9.11922812436
0.561935483871	9.11922812436
0.562258064516	9.11922812436
0.562580645161	9.11922812436
0.562903225806	9.11922812436
0.564516129032	9.12228430632
0.564838709677	9.12228430632
0.565161290323	9.12228430632
0.565483870968	9.12228430632
0.565806451613	9.12228430632
0.566129032258	9.12228430632
0.566451612903	9.12228430632
0.568064516129	9.12534038081
0.568387096774	9.12534038081
0.568709677419	9.12534038081
0.569032258065	9.12534038081
0.56935483871	9.12534038081
0.569677419355	9.12534038081
0.571290322581	9.12839634748
0.571612903226	9.12839634748
0.571935483871	9.12839634748
0.572258064516	9.12839634748
0.572580645161	9.12839634748
0.572903225806	9.12839634748
0.573225806452	9.12839634748
0.574838709677	9.13145220602
0.575161290323	9.13145220602
0.575483870968	9.13145220602
0.575806451613	9.13145220602
0.576129032258	9.13145220602
0.576451612903	9.13145220602
0.576774193548	9.13145220602
0.578387096774	9.13450795608
0.578709677419	9.13450795608
0.579032258065	9.13450795608
0.57935483871	9.13450795608
0.579677419355	9.13450795608
0.58	9.13450795608
0.580322580645	9.13450795608
0.581935483871	9.13756359733
0.582258064516	9.13756359733
0.582580645161	9.13756359733
0.582903225806	9.13756359733
0.583225806452	9.13756359733
0.583548387097	9.13756359733
0.583870967742	9.13756359733
0.585483870968	9.14061912943
0.585806451613	9.14061912943
0.586129032258	9.14061912943
0.586451612903	9.14061912943
0.586774193548	9.14061912943
0.587096774194	9.14061912943
0.587419354839	9.14061912943
0.587741935484	9.14061912943
0.58935483871	9.14367455207
0.589677419355	9.14367455207
0.59	9.14367455207
0.590322580645	9.14367455207
0.59064516129	9.14367455207
0.590967741935	9.14367455207
0.591290322581	9.14367455207
0.592903225806	9.1467298649
0.593225806452	9.1467298649
0.593548387097	9.1467298649
0.593870967742	9.1467298649
0.594193548387	9.1467298649
0.594516129032	9.1467298649
0.594838709677	9.1467298649
0.596451612903	9.14978506761
0.596774193548	9.14978506761
0.597096774194	9.14978506761
0.597419354839	9.14978506761
0.597741935484	9.14978506761
0.598064516129	9.14978506761
0.598387096774	9.14978506761
0.6	9.15284015986
0.600322580645	9.15284015986
0.60064516129	9.15284015986
0.600967741935	9.15284015986
0.601290322581	9.15284015986
0.601612903226	9.15284015986
0.601935483871	9.15284015986
0.602258064516	9.15284015986
0.603870967742	9.15589514134
0.604193548387	9.15589514134
0.604516129032	9.15589514134
0.604838709677	9.15589514134
0.605161290323	9.15589514134
0.605483870968	9.15589514134
0.605806451613	9.15589514134
0.607419354839	9.15895001172
0.607741935484	9.15895001172
0.608064516129	9.15895001172
0.608387096774	9.15895001172
0.608709677419	9.15895001172
0.609032258065	9.15895001172
0.60935483871	9.15895001172
0.609677419355	9.15895001172
0.611290322581	9.16200477068
0.611612903226	9.16200477068
0.611935483871	9.16200477068
0.612258064516	9.16200477068
0.612580645161	9.16200477068
0.612903225806	9.16200477068
0.613225806452	9.16200477068
0.614838709677	9.1650594179
0.615161290323	9.1650594179
0.615483870968	9.1650594179
0.615806451613	9.1650594179
0.616129032258	9.1650594179
0.616451612903	9.1650594179
0.616774193548	9.1650594179
0.617096774194	9.1650594179
0.618709677419	9.16811395306
0.619032258065	9.16811395306
0.61935483871	9.16811395306
0.619677419355	9.16811395306
0.62	9.16811395306
0.620322580645	9.16811395306
0.62064516129	9.16811395306
0.620967741935	9.16811395306
0.622580645161	9.17116837585
0.622903225806	9.17116837585
0.623225806452	9.17116837585
0.623548387097	9.17116837585
0.623870967742	9.17116837585
0.624193548387	9.17116837585
0.624516129032	9.17116837585
0.624838709677	9.17116837585
0.626451612903	9.17422268594
0.626774193548	9.17422268594
0.627096774194	9.17422268594
0.627419354839	9.17422268594
0.627741935484	9.17422268594
0.628064516129	9.17422268594
0.628387096774	9.17422268594
0.628709677419	9.17422268594
0.630322580645	9.17727688302
0.63064516129	9.17727688302
0.630967741935	9.17727688302
0.631290322581	9.17727688302
0.631612903226	9.17727688302
0.631935483871	9.17727688302
0.632258064516	9.17727688302
0.632580645161	9.17727688302
0.634193548387	9.18033096679
0.634516129032	9.18033096679
0.634838709677	9.18033096679
0.635161290323	9.18033096679
0.635483870968	9.18033096679
0.635806451613	9.18033096679
0.636129032258	9.18033096679
0.636451612903	9.18033096679
0.638064516129	9.18338493693
0.638387096774	9.18338493693
0.638709677419	9.18338493693
0.639032258065	9.18338493693
0.63935483871	9.18338493693
0.639677419355	9.18338493693
0.64	9.18338493693
0.640322580645	9.18338493693
0.641935483871	9.18643879312
0.642258064516	9.18643879312
0.642580645161	9.18643879312
0.642903225806	9.18643879312
0.643225806452	9.18643879312
0.643548387097	9.18643879312
0.643870967742	9.18643879312
0.644193548387	9.18643879312
0.645806451613	9.18949253506
0.646129032258	9.18949253506
0.646451612903	9.18949253506
0.646774193548	9.18949253506
0.647096774194	9.18949253506
0.647419354839	9.18949253506
0.647741935484	9.18949253506
0.648064516129	9.18949253506
0.649677419355	9.19254616245
0.65	9.19254616245
0.650322580645	9.19254616245
0.65064516129	9.19254616245
0.650967741935	9.19254616245
0.651290322581	9.19254616245
0.651612903226	9.19254616245
0.651935483871	9.19254616245
0.652258064516	9.19254616245
0.653870967742	9.19559967497
0.654193548387	9.19559967497
0.654516129032	9.19559967497
0.654838709677	9.19559967497
0.655161290323	9.19559967497
0.655483870968	9.19559967497
0.655806451613	9.19559967497
0.656129032258	9.19559967497
0.657741935484	9.19865307231
0.658064516129	9.19865307231
0.658387096774	9.19865307231
0.658709677419	9.19865307231
0.659032258065	9.19865307231
0.65935483871	9.19865307231
0.659677419355	9.19865307231
0.66	9.19865307231
0.660322580645	9.19865307231
0.661935483871	9.20170635419
0.662258064516	9.20170635419
0.662580645161	9.20170635419
0.662903225806	9.20170635419
0.663225806452	9.20170635419
0.663548387097	9.20170635419
0.663870967742	9.20170635419
0.664193548387	9.20170635419
0.665806451613	9.20475952029
0.666129032258	9.20475952029
0.666451612903	9.20475952029
0.666774193548	9.20475952029
0.667096774194	9.20475952029
0.667419354839	9.20475952029
0.667741935484	9.20475952029
0.668064516129	9.20475952029
0.668387096774	9.20475952029
0.67	9.20781257031
0.670322580645	9.20781257031
0.67064516129	9.20781257031
0.670967741935	9.20781257031
0.671290322581	9.20781257031
0.671612903226	9.20781257031
0.671935483871	9.20781257031
0.672258064516	9.20781257031
0.672580645161	9.20781257031
0.674193548387	9.21086550396
0.674516129032	9.21086550396
0.674838709677	9.21086550396
0.675161290323	9.21086550396
0.675483870968	9.21086550396
0.675806451613	9.21086550396
0.676129032258	9.21086550396
0.676451612903	9.21086550396
0.676774193548	9.21086550396
0.678387096774	9.21391832093
0.678709677419	9.21391832093
0.679032258065	9.21391832093
0.67935483871	9.21391832093
0.679677419355	9.21391832093
0.68	9.21391832093
0.680322580645	9.21391832093
0.68064516129	9.21391832093
0.682258064516	9.21697102092
0.682580645161	9.21697102092
0.682903225806	9.21697102092
0.683225806452	9.21697102092
0.683548387097	9.21697102092
0.683870967742	9.21697102092
0.684193548387	9.21697102092
0.684516129032	9.21697102092
0.684838709677	9.21697102092
0.686451612903	9.22002360365
0.686774193548	9.22002360365
0.687096774194	9.22002360365
0.687419354839	9.22002360365
0.687741935484	9.22002360365
0.688064516129	9.22002360365
0.688387096774	9.22002360365
0.688709677419	9.22002360365
0.689032258065	9.22002360365
0.69064516129	9.22307606881
0.690967741935	9.22307606881
0.691290322581	9.22307606881
0.691612903226	9.22307606881
0.691935483871	9.22307606881
0.692258064516	9.22307606881
0.692580645161	9.22307606881
0.692903225806	9.22307606881
0.693225806452	9.22307606881
0.693548387097	9.22307606881
0.695161290323	9.22612841612
0.695483870968	9.22612841612
0.695806451613	9.22612841612
0.696129032258	9.22612841612
0.696451612903	9.22612841612
0.696774193548	9.22612841612
0.697096774194	9.22612841612
0.697419354839	9.22612841612
0.697741935484	9.22612841612
0.69935483871	9.22918064528
0.699677419355	9.22918064528
0.7	9.22918064528
0.700322580645	9.22918064528
0.70064516129	9.22918064528
0.700967741935	9.22918064528
0.701290322581	9.22918064528
0.701612903226	9.22918064528
0.701935483871	9.22918064528
0.703548387097	9.232232756
0.703870967742	9.232232756
0.704193548387	9.232232756
0.704516129032	9.232232756
0.704838709677	9.232232756
0.705161290323	9.232232756
0.705483870968	9.232232756
0.705806451613	9.232232756
0.706129032258	9.232232756
0.706451612903	9.232232756
0.708064516129	9.23528474799
0.708387096774	9.23528474799
0.708709677419	9.23528474799
0.709032258065	9.23528474799
0.70935483871	9.23528474799
0.709677419355	9.23528474799
0.71	9.23528474799
0.710322580645	9.23528474799
0.71064516129	9.23528474799
0.712258064516	9.23833662096
0.712580645161	9.23833662096
0.712903225806	9.23833662096
0.713225806452	9.23833662096
0.713548387097	9.23833662096
0.713870967742	9.23833662096
0.714193548387	9.23833662096
0.714516129032	9.23833662096
0.714838709677	9.23833662096
0.715161290323	9.23833662096
0.716774193548	9.24138837462
0.717096774194	9.24138837462
0.717419354839	9.24138837462
0.717741935484	9.24138837462
0.718064516129	9.24138837462
0.718387096774	9.24138837462
0.718709677419	9.24138837462
0.719032258065	9.24138837462
0.71935483871	9.24138837462
0.720967741935	9.2444400087
0.721290322581	9.2444400087
0.721612903226	9.2444400087
0.721935483871	9.2444400087
0.722258064516	9.2444400087
0.722580645161	9.2444400087
0.722903225806	9.2444400087
0.723225806452	9.2444400087
0.723548387097	9.2444400087
0.723870967742	9.2444400087
0.725483870968	9.2474915229
0.725806451613	9.2474915229
0.726129032258	9.2474915229
0.726451612903	9.2474915229
0.726774193548	9.2474915229
0.727096774194	9.2474915229
0.727419354839	9.2474915229
0.727741935484	9.2474915229
0.728064516129	9.2474915229
0.728387096774	9.2474915229
0.73	9.25054291694
0.730322580645	9.25054291694
0.73064516129	9.25054291694
0.730967741935	9.25054291694
0.731290322581	9.25054291694
0.731612903226	9.25054291694
0.731935483871	9.25054291694
0.732258064516	9.25054291694
0.732580645161	9.25054291694
0.732903225806	9.25054291694
0.734516129032	9.25359419054
0.734838709677	9.25359419054
0.735161290323	9.25359419054
0.735483870968	9.25359419054
0.735806451613	9.25359419054
0.736129032258	9.25359419054
0.736451612903	9.25359419054
0.736774193548	9.25359419054
0.737096774194	9.25359419054
0.737419354839	9.25359419054
0.739032258065	9.25664534342
0.73935483871	9.25664534342
0.739677419355	9.25664534342
0.74	9.25664534342
0.740322580645	9.25664534342
0.74064516129	9.25664534342
0.740967741935	9.25664534342
0.741290322581	9.25664534342
0.741612903226	9.25664534342
0.741935483871	9.25664534342
0.743548387097	9.2596963753
0.743870967742	9.2596963753
0.744193548387	9.2596963753
0.744516129032	9.2596963753
0.744838709677	9.2596963753
0.745161290323	9.2596963753
0.745483870968	9.2596963753
0.745806451613	9.2596963753
0.746129032258	9.2596963753
0.746451612903	9.2596963753
0.746774193548	9.2596963753
0.747096774194	9.2596963753
0.747419354839	9.2596963753
0.752258064516	9.26579807494
0.752580645161	9.26579807494
0.752903225806	9.26579807494
0.753225806452	9.26579807494
0.753548387097	9.26579807494
0.753870967742	9.26579807494
0.754193548387	9.26579807494
0.754516129032	9.26579807494
0.754838709677	9.26579807494
0.755161290323	9.26579807494
0.756774193548	9.26884874215
0.757096774194	9.26884874215
0.757419354839	9.26884874215
0.757741935484	9.26884874215
0.758064516129	9.26884874215
0.758387096774	9.26884874215
0.758709677419	9.26884874215
0.759032258065	9.26884874215
0.75935483871	9.26884874215
0.759677419355	9.26884874215
0.76	9.26884874215
0.760322580645	9.26884874215
0.761935483871	9.27189928725
0.762258064516	9.27189928725
0.762580645161	9.27189928725
0.762903225806	9.27189928725
0.763225806452	9.27189928725
0.763548387097	9.27189928725
0.763870967742	9.27189928725
0.764193548387	9.27189928725
0.764516129032	9.27189928725
0.764838709677	9.27189928725
0.766451612903	9.27494970997
0.766774193548	9.27494970997
0.767096774194	9.27494970997
0.767419354839	9.27494970997
0.767741935484	9.27494970997
0.768064516129	9.27494970997
0.768387096774	9.27494970997
0.768709677419	9.27494970997
0.769032258065	9.27494970997
0.76935483871	9.27494970997
0.769677419355	9.27494970997
0.771290322581	9.27800001003
0.771612903226	9.27800001003
0.771935483871	9.27800001003
0.772258064516	9.27800001003
0.772580645161	9.27800001003
0.772903225806	9.27800001003
0.773225806452	9.27800001003
0.773548387097	9.27800001003
0.773870967742	9.27800001003
0.774193548387	9.27800001003
0.774516129032	9.27800001003
0.776129032258	9.28105018717
0.776451612903	9.28105018717
0.776774193548	9.28105018717
0.777096774194	9.28105018717
0.777419354839	9.28105018717
0.777741935484	9.28105018717
0.778064516129	9.28105018717
0.778387096774	9.28105018717
0.778709677419	9.28105018717
0.779032258065	9.28105018717
0.78064516129	9.28410024112
0.780967741935	9.28410024112
0.781290322581	9.28410024112
0.781612903226	9.28410024112
0.781935483871	9.28410024112
0.782258064516	9.28410024112
0.782580645161	9.28410024112
0.782903225806	9.28410024112
0.783225806452	9.28410024112
0.783548387097	9.28410024112
0.783870967742	9.28410024112
0.785483870968	9.2871501716
0.785806451613	9.2871501716
0.786129032258	9.2871501716
0.786451612903	9.2871501716
0.786774193548	9.2871501716
0.787096774194	9.2871501716
0.787419354839	9.2871501716
0.787741935484	9.2871501716
0.788064516129	9.2871501716
0.788387096774	9.2871501716
0.788709677419	9.2871501716
0.790322580645	9.29019997835
0.79064516129	9.29019997835
0.790967741935	9.29019997835
0.791290322581	9.29019997835
0.791612903226	9.29019997835
0.791935483871	9.29019997835
0.792258064516	9.29019997835
0.792580645161	9.29019997835
0.792903225806	9.29019997835
0.793225806452	9.29019997835
0.793548387097	9.29019997835
0.795161290323	9.2932496611
0.795483870968	9.2932496611
0.795806451613	9.2932496611
0.796129032258	9.2932496611
0.796451612903	9.2932496611
0.796774193548	9.2932496611
0.797096774194	9.2932496611
0.797419354839	9.2932496611
0.797741935484	9.2932496611
0.798064516129	9.2932496611
0.798387096774	9.2932496611
0.8	9.29629921959
0.800322580645	9.29629921959
0.80064516129	9.29629921959
0.800967741935	9.29629921959
0.801290322581	9.29629921959
0.801612903226	9.29629921959
0.801935483871	9.29629921959
0.802258064516	9.29629921959
0.802580645161	9.29629921959
0.802903225806	9.29629921959
0.803225806452	9.29629921959
0.803548387097	9.29629921959
0.805161290323	9.29934865355
0.805483870968	9.29934865355
0.805806451613	9.29934865355
0.806129032258	9.29934865355
0.806451612903	9.29934865355
0.806774193548	9.29934865355
0.807096774194	9.29934865355
0.807419354839	9.29934865355
0.807741935484	9.29934865355
0.808064516129	9.29934865355
0.808387096774	9.29934865355
0.81	9.30239796272
0.810322580645	9.30239796272
0.81064516129	9.30239796272
0.810967741935	9.30239796272
0.811290322581	9.30239796272
0.811612903226	9.30239796272
0.811935483871	9.30239796272
0.812258064516	9.30239796272
0.812580645161	9.30239796272
0.812903225806	9.30239796272
0.813225806452	9.30239796272
0.814838709677	9.30544714683
0.815161290323	9.30544714683
0.815483870968	9.30544714683
0.815806451613	9.30544714683
0.816129032258	9.30544714683
0.816451612903	9.30544714683
0.816774193548	9.30544714683
0.817096774194	9.30544714683
0.817419354839	9.30544714683
0.817741935484	9.30544714683
0.818064516129	9.30544714683
0.818387096774	9.30544714683
0.82	9.30849620564
0.820322580645	9.30849620564
0.82064516129	9.30849620564
0.820967741935	9.30849620564
0.821290322581	9.30849620564
0.821612903226	9.30849620564
0.821935483871	9.30849620564
0.822258064516	9.30849620564
0.822580645161	9.30849620564
0.822903225806	9.30849620564
0.823225806452	9.30849620564
0.823548387097	9.30849620564
0.825161290323	9.31154513887
0.825483870968	9.31154513887
0.825806451613	9.31154513887
0.826129032258	9.31154513887
0.826451612903	9.31154513887
0.826774193548	9.31154513887
0.827096774194	9.31154513887
0.827419354839	9.31154513887
0.827741935484	9.31154513887
0.828064516129	9.31154513887
0.828387096774	9.31154513887
0.83	9.31459394627
0.830322580645	9.31459394627
0.83064516129	9.31459394627
0.830967741935	9.31459394627
0.831290322581	9.31459394627
0.831612903226	9.31459394627
0.831935483871	9.31459394627
0.832258064516	9.31459394627
0.832580645161	9.31459394627
0.832903225806	9.31459394627
0.833225806452	9.31459394627
0.833548387097	9.31459394627
0.835161290323	9.31764262758
0.835483870968	9.31764262758
0.835806451613	9.31764262758
0.836129032258	9.31764262758
0.836451612903	9.31764262758
0.836774193548	9.31764262758
0.837096774194	9.31764262758
0.837419354839	9.31764262758
0.837741935484	9.31764262758
0.838064516129	9.31764262758
0.838387096774	9.31764262758
0.838709677419	9.31764262758
0.840322580645	9.32069118254
0.84064516129	9.32069118254
0.840967741935	9.32069118254
0.841290322581	9.32069118254
0.841612903226	9.32069118254
0.841935483871	9.32069118254
0.842258064516	9.32069118254
0.842580645161	9.32069118254
0.842903225806	9.32069118254
0.843225806452	9.32069118254
0.843548387097	9.32069118254
0.843870967742	9.32069118254
0.845483870968	9.3237396109
0.845806451613	9.3237396109
0.846129032258	9.3237396109
0.846451612903	9.3237396109
0.846774193548	9.3237396109
0.847096774194	9.3237396109
0.847419354839	9.3237396109
0.847741935484	9.3237396109
0.848064516129	9.3237396109
0.848387096774	9.3237396109
0.848709677419	9.3237396109
0.849032258065	9.3237396109
0.85064516129	9.32678791242
0.850967741935	9.32678791242
0.851290322581	9.32678791242
0.851612903226	9.32678791242
0.851935483871	9.32678791242
0.852258064516	9.32678791242
0.852580645161	9.32678791242
0.852903225806	9.32678791242
0.853225806452	9.32678791242
0.853548387097	9.32678791242
0.853870967742	9.32678791242
0.854193548387	9.32678791242
0.855806451613	9.32983608682
0.856129032258	9.32983608682
0.856451612903	9.32983608682
0.856774193548	9.32983608682
0.857096774194	9.32983608682
0.857419354839	9.32983608682
0.857741935484	9.32983608682
0.858064516129	9.32983608682
0.858387096774	9.32983608682
0.858709677419	9.32983608682
0.859032258065	9.32983608682
0.85935483871	9.32983608682
0.860967741935	9.33288413386
0.861290322581	9.33288413386
0.861612903226	9.33288413386
0.861935483871	9.33288413386
0.862258064516	9.33288413386
0.862580645161	9.33288413386
0.862903225806	9.33288413386
0.863225806452	9.33288413386
0.863548387097	9.33288413386
0.863870967742	9.33288413386
0.864193548387	9.33288413386
0.864516129032	9.33288413386
0.864838709677	9.33288413386
0.866451612903	9.3359320533
0.866774193548	9.3359320533
0.867096774194	9.3359320533
0.867419354839	9.3359320533
0.867741935484	9.3359320533
0.868064516129	9.3359320533
0.868387096774	9.3359320533
0.868709677419	9.3359320533
0.869032258065	9.3359320533
0.86935483871	9.3359320533
0.869677419355	9.3359320533
0.87	9.3359320533
0.871612903226	9.33897984488
0.871935483871	9.33897984488
0.872258064516	9.33897984488
0.872580645161	9.33897984488
0.872903225806	9.33897984488
0.873225806452	9.33897984488
0.873548387097	9.33897984488
0.873870967742	9.33897984488
0.874193548387	9.33897984488
0.874516129032	9.33897984488
0.874838709677	9.33897984488
0.875161290323	9.33897984488
0.875483870968	9.33897984488
0.877096774194	9.34202750835
0.877419354839	9.34202750835
0.877741935484	9.34202750835
0.878064516129	9.34202750835
0.878387096774	9.34202750835
0.878709677419	9.34202750835
0.879032258065	9.34202750835
0.87935483871	9.34202750835
0.879677419355	9.34202750835
0.88	9.34202750835
0.880322580645	9.34202750835
0.88064516129	9.34202750835
0.880967741935	9.34202750835
0.882580645161	9.34507504346
0.882903225806	9.34507504346
0.883225806452	9.34507504346
0.883548387097	9.34507504346
0.883870967742	9.34507504346
0.884193548387	9.34507504346
0.884516129032	9.34507504346
0.884838709677	9.34507504346
0.885161290323	9.34507504346
0.885483870968	9.34507504346
0.885806451613	9.34507504346
0.886129032258	9.34507504346
0.886451612903	9.34507504346
0.888064516129	9.34812244998
0.888387096774	9.34812244998
0.888709677419	9.34812244998
0.889032258065	9.34812244998
0.88935483871	9.34812244998
0.889677419355	9.34812244998
0.89	9.34812244998
0.890322580645	9.34812244998
0.89064516129	9.34812244998
0.890967741935	9.34812244998
0.891290322581	9.34812244998
0.891612903226	9.34812244998
0.893225806452	9.35116972764
0.893548387097	9.35116972764
0.893870967742	9.35116972764
0.894193548387	9.35116972764
0.894516129032	9.35116972764
0.894838709677	9.35116972764
0.895161290323	9.35116972764
0.895483870968	9.35116972764
0.895806451613	9.35116972764
0.896129032258	9.35116972764
0.896451612903	9.35116972764
0.896774193548	9.35116972764
0.897096774194	9.35116972764
0.898709677419	9.35421687622
0.899032258065	9.35421687622
0.89935483871	9.35421687622
0.899677419355	9.35421687622
0.9	9.35421687622
0.900322580645	9.35421687622
0.90064516129	9.35421687622
0.900967741935	9.35421687622
0.901290322581	9.35421687622
0.901612903226	9.35421687622
0.901935483871	9.35421687622
0.902258064516	9.35421687622
0.902580645161	9.35421687622
0.902903225806	9.35421687622
0.904516129032	9.35726389547
0.904838709677	9.35726389547
0.905161290323	9.35726389547
0.905483870968	9.35726389547
0.905806451613	9.35726389547
0.906129032258	9.35726389547
0.906451612903	9.35726389547
0.906774193548	9.35726389547
0.907096774194	9.35726389547
0.907419354839	9.35726389547
0.907741935484	9.35726389547
0.908064516129	9.35726389547
0.908387096774	9.35726389547
0.91	9.36031078514
0.910322580645	9.36031078514
0.91064516129	9.36031078514
0.910967741935	9.36031078514
0.911290322581	9.36031078514
0.911612903226	9.36031078514
0.911935483871	9.36031078514
0.912258064516	9.36031078514
0.912580645161	9.36031078514
0.912903225806	9.36031078514
0.913225806452	9.36031078514
0.913548387097	9.36031078514
0.913870967742	9.36031078514
0.915483870968	9.36335754499
0.915806451613	9.36335754499
0.916129032258	9.36335754499
0.916451612903	9.36335754499
0.916774193548	9.36335754499
0.917096774194	9.36335754499
0.917419354839	9.36335754499
0.917741935484	9.36335754499
0.918064516129	9.36335754499
0.918387096774	9.36335754499
0.918709677419	9.36335754499
0.919032258065	9.36335754499
0.91935483871	9.36335754499
0.919677419355	9.36335754499
0.921290322581	9.36640417479
0.921612903226	9.36640417479
0.921935483871	9.36640417479
0.922258064516	9.36640417479
0.922580645161	9.36640417479
0.922903225806	9.36640417479
0.923225806452	9.36640417479
0.923548387097	9.36640417479
0.923870967742	9.36640417479
0.924193548387	9.36640417479
0.924516129032	9.36640417479
0.924838709677	9.36640417479
0.925161290323	9.36640417479
0.926774193548	9.3694506743
0.927096774194	9.3694506743
0.927419354839	9.3694506743
0.927741935484	9.3694506743
0.928064516129	9.3694506743
0.928387096774	9.3694506743
0.928709677419	9.3694506743
0.929032258065	9.3694506743
0.92935483871	9.3694506743
0.929677419355	9.3694506743
0.93	9.3694506743
0.930322580645	9.3694506743
0.93064516129	9.3694506743
0.930967741935	9.3694506743
0.932580645161	9.37249704327
0.932903225806	9.37249704327
0.933225806452	9.37249704327
0.933548387097	9.37249704327
0.933870967742	9.37249704327
0.934193548387	9.37249704327
0.934516129032	9.37249704327
0.934838709677	9.37249704327
0.935161290323	9.37249704327
0.935483870968	9.37249704327
0.935806451613	9.37249704327
0.936129032258	9.37249704327
0.936451612903	9.37249704327
0.936774193548	9.37249704327
0.938387096774	9.37554328147
0.938709677419	9.37554328147
0.939032258065	9.37554328147
0.93935483871	9.37554328147
0.939677419355	9.37554328147
0.94	9.37554328147
0.940322580645	9.37554328147
0.94064516129	9.37554328147
0.940967741935	9.37554328147
0.941290322581	9.37554328147
0.941612903226	9.37554328147
0.941935483871	9.37554328147
0.942258064516	9.37554328147
0.943870967742	9.37858938867
0.944193548387	9.37858938867
0.944516129032	9.37858938867
0.944838709677	9.37858938867
0.945161290323	9.37858938867
0.945483870968	9.37858938867
0.945806451613	9.37858938867
0.946129032258	9.37858938867
0.946451612903	9.37858938867
0.946774193548	9.37858938867
0.947096774194	9.37858938867
0.947419354839	9.37858938867
0.947741935484	9.37858938867
0.948064516129	9.37858938867
0.949677419355	9.38163536464
0.95	9.38163536464
0.950322580645	9.38163536464
0.95064516129	9.38163536464
0.950967741935	9.38163536464
0.951290322581	9.38163536464
0.951612903226	9.38163536464
0.951935483871	9.38163536464
0.952258064516	9.38163536464
0.952580645161	9.38163536464
0.952903225806	9.38163536464
0.953225806452	9.38163536464
0.953548387097	9.38163536464
0.953870967742	9.38163536464
0.955483870968	9.38468120913
0.955806451613	9.38468120913
0.956129032258	9.38468120913
0.956451612903	9.38468120913
0.956774193548	9.38468120913
0.957096774194	9.38468120913
0.957419354839	9.38468120913
0.957741935484	9.38468120913
0.958064516129	9.38468120913
0.958387096774	9.38468120913
0.958709677419	9.38468120913
0.959032258065	9.38468120913
0.95935483871	9.38468120913
0.959677419355	9.38468120913
0.96	9.38468120913
0.961612903226	9.38772692191
0.961935483871	9.38772692191
0.962258064516	9.38772692191
0.962580645161	9.38772692191
0.962903225806	9.38772692191
0.963225806452	9.38772692191
0.963548387097	9.38772692191
0.963870967742	9.38772692191
0.964193548387	9.38772692191
0.964516129032	9.38772692191
0.964838709677	9.38772692191
0.965161290323	9.38772692191
0.965483870968	9.38772692191
0.965806451613	9.38772692191
0.967419354839	9.39077250276
0.967741935484	9.39077250276
0.968064516129	9.39077250276
0.968387096774	9.39077250276
0.968709677419	9.39077250276
0.969032258065	9.39077250276
0.96935483871	9.39077250276
0.969677419355	9.39077250276
0.97	9.39077250276
0.970322580645	9.39077250276
0.97064516129	9.39077250276
0.970967741935	9.39077250276
0.971290322581	9.39077250276
0.971612903226	9.39077250276
0.973225806452	9.39381795144
0.973548387097	9.39381795144
0.973870967742	9.39381795144
0.974193548387	9.39381795144
0.974516129032	9.39381795144
0.974838709677	9.39381795144
0.975161290323	9.39381795144
0.975483870968	9.39381795144
0.975806451613	9.39381795144
0.976129032258	9.39381795144
0.976451612903	9.39381795144
0.976774193548	9.39381795144
0.977096774194	9.39381795144
0.977419354839	9.39381795144
0.977741935484	9.39381795144
0.97935483871	9.39686326773
0.979677419355	9.39686326773
0.98	9.39686326773
0.980322580645	9.39686326773
0.98064516129	9.39686326773
0.980967741935	9.39686326773
0.981290322581	9.39686326773
0.981612903226	9.39686326773
0.981935483871	9.39686326773
0.982258064516	9.39686326773
0.982580645161	9.39686326773
0.982903225806	9.39686326773
0.983225806452	9.39686326773
0.983548387097	9.39686326773
0.983870967742	9.39686326773
0.985483870968	9.39990845139
0.985806451613	9.39990845139
0.986129032258	9.39990845139
0.986451612903	9.39990845139
0.986774193548	9.39990845139
0.987096774194	9.39990845139
0.987419354839	9.39990845139
0.987741935484	9.39990845139
0.988064516129	9.39990845139
0.988387096774	9.39990845139
0.988709677419	9.39990845139
0.989032258065	9.39990845139
0.98935483871	9.39990845139
0.989677419355	9.39990845139
0.991290322581	9.4029535022
0.991612903226	9.4029535022
0.991935483871	9.4029535022
0.992258064516	9.4029535022
0.992580645161	9.4029535022
0.992903225806	9.4029535022
0.993225806452	9.4029535022
0.993548387097	9.4029535022
0.993870967742	9.4029535022
0.994193548387	9.4029535022
0.994516129032	9.4029535022
0.994838709677	9.4029535022
0.995161290323	9.4029535022
0.995483870968	9.4029535022
0.995806451613	9.4029535022
0.997419354839	9.40599841993
0.997741935484	9.40599841993
0.998064516129	9.40599841993
0.998387096774	9.40599841993
0.998709677419	9.40599841993
0.999032258065	9.40599841993
0.99935483871	9.40599841993
0.999677419355	9.40599841993
