0.000645161290323	9.40599841993
0.000967741935484	9.40599841993
0.00129032258065	9.40599841993
0.00161290322581	9.40599841993
0.00193548387097	9.40599841993
0.00225806451613	9.40599841993
0.00258064516129	9.40599841993
0.00290322580645	9.40599841993
0.00322580645161	9.40599841993
0.00354838709677	9.40599841993
0.00387096774194	9.40599841993
0.0041935483871	9.40599841993
0.00451612903226	9.40599841993
0.00483870967742	9.40599841993
0.00516129032258	9.40599841993
0.00548387096774	9.40599841993
0.0058064516129	9.40599841993
0.00612903225806	9.40599841993
0.00645161290323	9.40599841993
0.00677419354839	9.40599841993
0.00709677419355	9.40599841993
0.00741935483871	9.40599841993
0.00774193548387	9.40599841993
0.00806451612903	9.40599841993
0.00838709677419	9.40599841993
0.00870967741935	9.40599841993
0.00903225806452	9.40599841993
0.00935483870968	9.40599841993
0.00967741935484	9.40599841993
0.01	9.40599841993
0.0103225806452	9.40599841993
0.0106451612903	9.40599841993
0.0109677419355	9.40599841993
0.0112903225806	9.40599841993
0.0116129032258	9.40599841993
0.011935483871	9.40599841993
0.0122580645161	9.40599841993
0.0125806451613	9.40599841993
0.0129032258065	9.40599841993
0.0145161290323	9.4029535022
0.0148387096774	9.4029535022
0.0151612903226	9.4029535022
0.0154838709677	9.4029535022
0.0158064516129	9.4029535022
0.0161290322581	9.4029535022
0.0164516129032	9.4029535022
0.0167741935484	9.4029535022
0.0170967741935	9.4029535022
0.0174193548387	9.4029535022
0.0177419354839	9.4029535022
0.018064516129	9.4029535022
0.0183870967742	9.4029535022
0.0187096774194	9.4029535022
0.0190322580645	9.4029535022
0.0193548387097	9.4029535022
0.0196774193548	9.4029535022
0.02	9.4029535022
0.0203225806452	9.4029535022
0.0206451612903	9.4029535022
0.0209677419355	9.4029535022
0.0212903225806	9.4029535022
0.0216129032258	9.4029535022
0.021935483871	9.4029535022
0.0222580645161	9.4029535022
0.0225806451613	9.4029535022
0.0229032258065	9.4029535022
0.0232258064516	9.4029535022
0.0235483870968	9.4029535022
0.0238709677419	9.4029535022
0.0241935483871	9.4029535022
0.0245161290323	9.4029535022
0.0248387096774	9.4029535022
0.0251612903226	9.4029535022
0.0254838709677	9.4029535022
0.0258064516129	9.4029535022
0.0261290322581	9.4029535022
0.0264516129032	9.4029535022
0.0267741935484	9.4029535022
0.0270967741935	9.4029535022
0.0274193548387	9.4029535022
0.0277419354839	9.4029535022
0.028064516129	9.4029535022
0.0283870967742	9.4029535022
0.0287096774194	9.4029535022
0.0290322580645	9.4029535022
0.0293548387097	9.4029535022
0.0296774193548	9.4029535022
0.03	9.4029535022
0.0303225806452	9.4029535022
0.0306451612903	9.4029535022
0.0309677419355	9.4029535022
0.0325806451613	9.39990845139
0.0329032258065	9.39990845139
0.0332258064516	9.39990845139
0.0335483870968	9.39990845139
0.0338709677419	9.39990845139
0.0341935483871	9.39990845139
0.0345161290323	9.39990845139
0.0348387096774	9.39990845139
0.0351612903226	9.39990845139
0.0354838709677	9.39990845139
0.0358064516129	9.39990845139
0.0361290322581	9.39990845139
0.0364516129032	9.39990845139
0.0367741935484	9.39990845139
0.0370967741935	9.39990845139
0.0374193548387	9.39990845139
0.0377419354839	9.39990845139
0.038064516129	9.39990845139
0.0383870967742	9.39990845139
0.0387096774194	9.39990845139
0.0390322580645	9.39990845139
0.0393548387097	9.39990845139
0.0396774193548	9.39990845139
0.04	9.39990845139
0.0403225806452	9.39990845139
0.0406451612903	9.39990845139
0.0409677419355	9.39990845139
0.0412903225806	9.39990845139
0.0416129032258	9.39990845139
0.041935483871	9.39990845139
0.0422580645161	9.39990845139
0.0425806451613	9.39990845139
0.0429032258065	9.39990845139
0.0432258064516	9.39990845139
0.0435483870968	9.39990845139
0.0438709677419	9.39990845139
0.0441935483871	9.39990845139
0.0445161290323	9.39990845139
0.0448387096774	9.39990845139
0.0451612903226	9.39990845139
0.0454838709677	9.39990845139
0.0458064516129	9.39990845139
0.0461290322581	9.39990845139
0.0464516129032	9.39990845139
0.0467741935484	9.39990845139
0.0470967741935	9.39990845139
0.0474193548387	9.39990845139
0.0477419354839	9.39990845139
0.048064516129	9.39990845139
0.0483870967742	9.39990845139
0.0487096774194	9.39990845139
0.0490322580645	9.39990845139
0.0506451612903	9.39686326773
0.0509677419355	9.39686326773
0.0512903225806	9.39686326773
0.0516129032258	9.39686326773
0.051935483871	9.39686326773
0.0522580645161	9.39686326773
0.0525806451613	9.39686326773
0.0529032258065	9.39686326773
0.0532258064516	9.39686326773
0.0535483870968	9.39686326773
0.0538709677419	9.39686326773
0.0541935483871	9.39686326773
0.0545161290323	9.39686326773
0.0548387096774	9.39686326773
0.0551612903226	9.39686326773
0.0554838709677	9.39686326773
0.0558064516129	9.39686326773
0.0561290322581	9.39686326773
0.0564516129032	9.39686326773
0.0567741935484	9.39686326773
0.0570967741935	9.39686326773
0.0574193548387	9.39686326773
0.0577419354839	9.39686326773
0.058064516129	9.39686326773
0.0583870967742	9.39686326773
0.0587096774194	9.39686326773
0.0590322580645	9.39686326773
0.0593548387097	9.39686326773
0.0596774193548	9.39686326773
0.06	9.39686326773
0.0603225806452	9.39686326773
0.0606451612903	9.39686326773
0.0609677419355	9.39686326773
0.0612903225806	9.39686326773
0.0616129032258	9.39686326773
0.061935483871	9.39686326773
0.0622580645161	9.39686326773
0.0625806451613	9.39686326773
0.0629032258065	9.39686326773
0.0632258064516	9.39686326773
0.0635483870968	9.39686326773
0.0638709677419	9.39686326773
0.0641935483871	9.39686326773
0.0645161290323	9.39686326773
0.0648387096774	9.39686326773
0.0651612903226	9.39686326773
0.0654838709677	9.39686326773
0.0658064516129	9.39686326773
0.0661290322581	9.39686326773
0.0664516129032	9.39686326773
0.0667741935484	9.39686326773
0.0670967741935	9.39686326773
0.0687096774194	9.39381795144
0.0690322580645	9.39381795144
0.0693548387097	9.39381795144
0.0696774193548	9.39381795144
0.07	9.39381795144
0.0703225806452	9.39381795144
0.0706451612903	9.39381795144
0.0709677419355	9.39381795144
0.0712903225806	9.39381795144
0.0716129032258	9.39381795144
0.071935483871	9.39381795144
0.0722580645161	9.39381795144
0.0725806451613	9.39381795144
0.0729032258065	9.39381795144
0.0732258064516	9.39381795144
0.0735483870968	9.39381795144
0.0738709677419	9.39381795144
0.0741935483871	9.39381795144
0.0745161290323	9.39381795144
0.0748387096774	9.39381795144
0.0751612903226	9.39381795144
0.0754838709677	9.39381795144
0.0758064516129	9.39381795144
0.0761290322581	9.39381795144
0.0764516129032	9.39381795144
0.0767741935484	9.39381795144
0.0770967741935	9.39381795144
0.0774193548387	9.39381795144
0.0777419354839	9.39381795144
0.078064516129	9.39381795144
0.0783870967742	9.39381795144
0.0787096774194	9.39381795144
0.0790322580645	9.39381795144
0.0793548387097	9.39381795144
0.0796774193548	9.39381795144
0.08	9.39381795144
0.0803225806452	9.39381795144
0.0806451612903	9.39381795144
0.0809677419355	9.39381795144
0.0812903225806	9.39381795144
0.0816129032258	9.39381795144
0.081935483871	9.39381795144
0.0822580645161	9.39381795144
0.0825806451613	9.39381795144
0.0829032258065	9.39381795144
0.0832258064516	9.39381795144
0.0835483870968	9.39381795144
0.0838709677419	9.39381795144
0.0841935483871	9.39381795144
0.0845161290323	9.39381795144
0.0848387096774	9.39381795144
0.0851612903226	9.39381795144
0.0867741935484	9.39077250276
0.0870967741935	9.39077250276
0.0874193548387	9.39077250276
0.0877419354839	9.39077250276
0.088064516129	9.39077250276
0.0883870967742	9.39077250276
0.0887096774194	9.39077250276
0.0890322580645	9.39077250276
0.0893548387097	9.39077250276
0.0896774193548	9.39077250276
0.09	9.39077250276
0.0903225806452	9.39077250276
0.0906451612903	9.39077250276
0.0909677419355	9.39077250276
0.0912903225806	9.39077250276
0.0916129032258	9.39077250276
0.091935483871	9.39077250276
0.0922580645161	9.39077250276
0.0925806451613	9.39077250276
0.0929032258065	9.39077250276
0.0932258064516	9.39077250276
0.0935483870968	9.39077250276
0.0938709677419	9.39077250276
0.0941935483871	9.39077250276
0.0945161290323	9.39077250276
0.0948387096774	9.39077250276
0.0951612903226	9.39077250276
0.0954838709677	9.39077250276
0.0958064516129	9.39077250276
0.0961290322581	9.39077250276
0.0964516129032	9.39077250276
0.0967741935484	9.39077250276
0.0970967741935	9.39077250276
0.0974193548387	9.39077250276
0.0977419354839	9.39077250276
0.098064516129	9.39077250276
0.0983870967742	9.39077250276
0.0987096774194	9.39077250276
0.0990322580645	9.39077250276
0.0993548387097	9.39077250276
0.0996774193548	9.39077250276
0.1	9.39077250276
0.100322580645	9.39077250276
0.10064516129	9.39077250276
0.100967741935	9.39077250276
0.101290322581	9.39077250276
0.101612903226	9.39077250276
0.101935483871	9.39077250276
0.102258064516	9.39077250276
0.102580645161	9.39077250276
0.102903225806	9.39077250276
0.104516129032	9.38772692191
0.104838709677	9.38772692191
0.105161290323	9.38772692191
0.105483870968	9.38772692191
0.105806451613	9.38772692191
0.106129032258	9.38772692191
0.106451612903	9.38772692191
0.106774193548	9.38772692191
0.107096774194	9.38772692191
0.107419354839	9.38772692191
0.107741935484	9.38772692191
0.108064516129	9.38772692191
0.108387096774	9.38772692191
0.108709677419	9.38772692191
0.109032258065	9.38772692191
0.10935483871	9.38772692191
0.109677419355	9.38772692191
0.11	9.38772692191
0.110322580645	9.38772692191
0.11064516129	9.38772692191
0.110967741935	9.38772692191
0.111290322581	9.38772692191
0.111612903226	9.38772692191
0.111935483871	9.38772692191
0.112258064516	9.38772692191
0.112580645161	9.38772692191
0.112903225806	9.38772692191
0.113225806452	9.38772692191
0.113548387097	9.38772692191
0.113870967742	9.38772692191
0.114193548387	9.38772692191
0.114516129032	9.38772692191
0.114838709677	9.38772692191
0.115161290323	9.38772692191
0.115483870968	9.38772692191
0.115806451613	9.38772692191
0.116129032258	9.38772692191
0.116451612903	9.38772692191
0.116774193548	9.38772692191
0.117096774194	9.38772692191
0.117419354839	9.38772692191
0.117741935484	9.38772692191
0.118064516129	9.38772692191
0.118387096774	9.38772692191
0.118709677419	9.38772692191
0.119032258065	9.38772692191
0.11935483871	9.38772692191
0.119677419355	9.38772692191
0.12	9.38772692191
0.120322580645	9.38772692191
0.12064516129	9.38772692191
0.122258064516	9.38468120913
0.122580645161	9.38468120913
0.122903225806	9.38468120913
0.123225806452	9.38468120913
0.123548387097	9.38468120913
0.123870967742	9.38468120913
0.124193548387	9.38468120913
0.124516129032	9.38468120913
0.124838709677	9.38468120913
0.125161290323	9.38468120913
0.125483870968	9.38468120913
0.125806451613	9.38468120913
0.126129032258	9.38468120913
0.126451612903	9.38468120913
0.126774193548	9.38468120913
0.127096774194	9.38468120913
0.127419354839	9.38468120913
0.127741935484	9.38468120913
0.128064516129	9.38468120913
0.128387096774	9.38468120913
0.128709677419	9.38468120913
0.129032258065	9.38468120913
0.12935483871	9.38468120913
0.129677419355	9.38468120913
0.13	9.38468120913
0.130322580645	9.38468120913
0.13064516129	9.38468120913
0.130967741935	9.38468120913
0.131290322581	9.38468120913
0.131612903226	9.38468120913
0.131935483871	9.38468120913
0.132258064516	9.38468120913
0.132580645161	9.38468120913
0.132903225806	9.38468120913
0.133225806452	9.38468120913
0.133548387097	9.38468120913
0.133870967742	9.38468120913
0.134193548387	9.38468120913
0.134516129032	9.38468120913
0.134838709677	9.38468120913
0.135161290323	9.38468120913
0.135483870968	9.38468120913
0.135806451613	9.38468120913
0.136129032258	9.38468120913
0.136451612903	9.38468120913
0.136774193548	9.38468120913
0.137096774194	9.38468120913
0.137419354839	9.38468120913
0.137741935484	9.38468120913
0.138064516129	9.38468120913
0.138387096774	9.38468120913
0.14	9.38163536464
0.140322580645	9.38163536464
0.14064516129	9.38163536464
0.140967741935	9.38163536464
0.141290322581	9.38163536464
0.141612903226	9.38163536464
0.141935483871	9.38163536464
0.142258064516	9.38163536464
0.142580645161	9.38163536464
0.142903225806	9.38163536464
0.143225806452	9.38163536464
0.143548387097	9.38163536464
0.143870967742	9.38163536464
0.144193548387	9.38163536464
0.144516129032	9.38163536464
0.144838709677	9.38163536464
0.145161290323	9.38163536464
0.145483870968	9.38163536464
0.145806451613	9.38163536464
0.146129032258	9.38163536464
0.146451612903	9.38163536464
0.146774193548	9.38163536464
0.147096774194	9.38163536464
0.147419354839	9.38163536464
0.147741935484	9.38163536464
0.148064516129	9.38163536464
0.148387096774	9.38163536464
0.148709677419	9.38163536464
0.149032258065	9.38163536464
0.14935483871	9.38163536464
0.149677419355	9.38163536464
0.15	9.38163536464
0.150322580645	9.38163536464
0.15064516129	9.38163536464
0.150967741935	9.38163536464
0.151290322581	9.38163536464
0.151612903226	9.38163536464
0.151935483871	9.38163536464
0.152258064516	9.38163536464
0.152580645161	9.38163536464
0.152903225806	9.38163536464
0.153225806452	9.38163536464
0.153548387097	9.38163536464
0.153870967742	9.38163536464
0.154193548387	9.38163536464
0.154516129032	9.38163536464
0.154838709677	9.38163536464
0.155161290323	9.38163536464
0.155483870968	9.38163536464
0.155806451613	9.38163536464
0.157419354839	9.37858938867
0.157741935484	9.37858938867
0.158064516129	9.37858938867
0.158387096774	9.37858938867
0.158709677419	9.37858938867
0.159032258065	9.37858938867
0.15935483871	9.37858938867
0.159677419355	9.37858938867
0.16	9.37858938867
0.160322580645	9.37858938867
0.16064516129	9.37858938867
0.160967741935	9.37858938867
0.161290322581	9.37858938867
0.161612903226	9.37858938867
0.161935483871	9.37858938867
0.162258064516	9.37858938867
0.162580645161	9.37858938867
0.162903225806	9.37858938867
0.163225806452	9.37858938867
0.163548387097	9.37858938867
0.163870967742	9.37858938867
0.164193548387	9.37858938867
0.164516129032	9.37858938867
0.164838709677	9.37858938867
0.165161290323	9.37858938867
0.165483870968	9.37858938867
0.165806451613	9.37858938867
0.166129032258	9.37858938867
0.166451612903	9.37858938867
0.166774193548	9.37858938867
0.167096774194	9.37858938867
0.167419354839	9.37858938867
0.167741935484	9.37858938867
0.168064516129	9.37858938867
0.168387096774	9.37858938867
0.168709677419	9.37858938867
0.169032258065	9.37858938867
0.16935483871	9.37858938867
0.169677419355	9.37858938867
0.17	9.37858938867
0.170322580645	9.37858938867
0.17064516129	9.37858938867
0.170967741935	9.37858938867
0.171290322581	9.37858938867
0.171612903226	9.37858938867
0.171935483871	9.37858938867
0.172258064516	9.37858938867
0.172580645161	9.37858938867
0.172903225806	9.37858938867
0.173225806452	9.37858938867
0.174838709677	9.37554328147
0.175161290323	9.37554328147
0.175483870968	9.37554328147
0.175806451613	9.37554328147
0.176129032258	9.37554328147
0.176451612903	9.37554328147
0.176774193548	9.37554328147
0.177096774194	9.37554328147
0.177419354839	9.37554328147
0.177741935484	9.37554328147
0.178064516129	9.37554328147
0.178387096774	9.37554328147
0.178709677419	9.37554328147
0.179032258065	9.37554328147
0.17935483871	9.37554328147
0.179677419355	9.37554328147
0.18	9.37554328147
0.180322580645	9.37554328147
0.18064516129	9.37554328147
0.180967741935	9.37554328147
0.181290322581	9.37554328147
0.181612903226	9.37554328147
0.181935483871	9.37554328147
0.182258064516	9.37554328147
0.182580645161	9.37554328147
0.182903225806	9.37554328147
0.183225806452	9.37554328147
0.183548387097	9.37554328147
0.183870967742	9.37554328147
0.184193548387	9.37554328147
0.184516129032	9.37554328147
0.184838709677	9.37554328147
0.185161290323	9.37554328147
0.185483870968	9.37554328147
0.185806451613	9.37554328147
0.186129032258	9.37554328147
0.186451612903	9.37554328147
0.186774193548	9.37554328147
0.187096774194	9.37554328147
0.187419354839	9.37554328147
0.187741935484	9.37554328147
0.188064516129	9.37554328147
0.188387096774	9.37554328147
0.188709677419	9.37554328147
0.189032258065	9.37554328147
0.18935483871	9.37554328147
0.189677419355	9.37554328147
0.19	9.37554328147
0.190322580645	9.37554328147
0.19064516129	9.37554328147
0.192258064516	9.37249704327
0.192580645161	9.37249704327
0.192903225806	9.37249704327
0.193225806452	9.37249704327
0.193548387097	9.37249704327
0.193870967742	9.37249704327
0.194193548387	9.37249704327
0.194516129032	9.37249704327
0.194838709677	9.37249704327
0.195161290323	9.37249704327
0.195483870968	9.37249704327
0.195806451613	9.37249704327
0.196129032258	9.37249704327
0.196451612903	9.37249704327
0.196774193548	9.37249704327
0.197096774194	9.37249704327
0.197419354839	9.37249704327
0.197741935484	9.37249704327
0.198064516129	9.37249704327
0.198387096774	9.37249704327
0.198709677419	9.37249704327
0.199032258065	9.37249704327
0.19935483871	9.37249704327
0.199677419355	9.37249704327
0.2	9.37249704327
0.200322580645	9.37249704327
0.20064516129	9.37249704327
0.200967741935	9.37249704327
0.201290322581	9.37249704327
0.201612903226	9.37249704327
0.201935483871	9.37249704327
0.202258064516	9.37249704327
0.202580645161	9.37249704327
0.202903225806	9.37249704327
0.203225806452	9.37249704327
0.203548387097	9.37249704327
0.203870967742	9.37249704327
0.204193548387	9.37249704327
0.204516129032	9.37249704327
0.204838709677	9.37249704327
0.205161290323	9.37249704327
0.205483870968	9.37249704327
0.205806451613	9.37249704327
0.206129032258	9.37249704327
0.206451612903	9.37249704327
0.206774193548	9.37249704327
0.207096774194	9.37249704327
0.207419354839	9.37249704327
0.207741935484	9.37249704327
0.20935483871	9.3694506743
0.209677419355	9.3694506743
0.21	9.3694506743
0.210322580645	9.3694506743
0.21064516129	9.3694506743
0.210967741935	9.3694506743
0.211290322581	9.3694506743
0.211612903226	9.3694506743
0.211935483871	9.3694506743
0.212258064516	9.3694506743
0.212580645161	9.3694506743
0.212903225806	9.3694506743
0.213225806452	9.3694506743
0.213548387097	9.3694506743
0.213870967742	9.3694506743
0.214193548387	9.3694506743
0.214516129032	9.3694506743
0.214838709677	9.3694506743
0.215161290323	9.3694506743
0.215483870968	9.3694506743
0.215806451613	9.3694506743
0.216129032258	9.3694506743
0.216451612903	9.3694506743
0.216774193548	9.3694506743
0.217096774194	9.3694506743
0.217419354839	9.3694506743
0.217741935484	9.3694506743
0.218064516129	9.3694506743
0.218387096774	9.3694506743
0.218709677419	9.3694506743
0.219032258065	9.3694506743
0.21935483871	9.3694506743
0.219677419355	9.3694506743
0.22	9.3694506743
0.220322580645	9.3694506743
0.22064516129	9.3694506743
0.220967741935	9.3694506743
0.221290322581	9.3694506743
0.221612903226	9.3694506743
0.221935483871	9.3694506743
0.222258064516	9.3694506743
0.222580645161	9.3694506743
0.222903225806	9.3694506743
0.223225806452	9.3694506743
0.223548387097	9.3694506743
0.223870967742	9.3694506743
0.224193548387	9.3694506743
0.224516129032	9.3694506743
0.224838709677	9.3694506743
0.226451612903	9.36640417479
0.226774193548	9.36640417479
0.227096774194	9.36640417479
0.227419354839	9.36640417479
0.227741935484	9.36640417479
0.228064516129	9.36640417479
0.228387096774	9.36640417479
0.228709677419	9.36640417479
0.229032258065	9.36640417479
0.22935483871	9.36640417479
0.229677419355	9.36640417479
0.23	9.36640417479
0.230322580645	9.36640417479
0.23064516129	9.36640417479
0.230967741935	9.36640417479
0.231290322581	9.36640417479
0.231612903226	9.36640417479
0.231935483871	9.36640417479
0.232258064516	9.36640417479
0.232580645161	9.36640417479
0.232903225806	9.36640417479
0.233225806452	9.36640417479
0.233548387097	9.36640417479
0.233870967742	9.36640417479
0.234193548387	9.36640417479
0.234516129032	9.36640417479
0.234838709677	9.36640417479
0.235161290323	9.36640417479
0.235483870968	9.36640417479
0.235806451613	9.36640417479
0.236129032258	9.36640417479
0.236451612903	9.36640417479
0.236774193548	9.36640417479
0.237096774194	9.36640417479
0.237419354839	9.36640417479
0.237741935484	9.36640417479
0.238064516129	9.36640417479
0.238387096774	9.36640417479
0.238709677419	9.36640417479
0.239032258065	9.36640417479
0.23935483871	9.36640417479
0.239677419355	9.36640417479
0.24	9.36640417479
0.240322580645	9.36640417479
0.24064516129	9.36640417479
0.240967741935	9.36640417479
0.241290322581	9.36640417479
0.241612903226	9.36640417479
0.243225806452	9.36335754499
0.243548387097	9.36335754499
0.243870967742	9.36335754499
0.244193548387	9.36335754499
0.244516129032	9.36335754499
0.244838709677	9.36335754499
0.245161290323	9.36335754499
0.245483870968	9.36335754499
0.245806451613	9.36335754499
0.246129032258	9.36335754499
0.246451612903	9.36335754499
0.246774193548	9.36335754499
0.247096774194	9.36335754499
0.247419354839	9.36335754499
0.247741935484	9.36335754499
0.248064516129	9.36335754499
0.248387096774	9.36335754499
0.248709677419	9.36335754499
0.249032258065	9.36335754499
0.24935483871	9.36335754499
0.249677419355	9.36335754499
0.25	9.36335754499
0.250322580645	9.36335754499
0.25064516129	9.36335754499
0.250967741935	9.36335754499
0.251290322581	9.36335754499
0.251612903226	9.36335754499
0.251935483871	9.36335754499
0.252258064516	9.36335754499
0.252580645161	9.36335754499
0.252903225806	9.36335754499
0.253225806452	9.36335754499
0.253548387097	9.36335754499
0.253870967742	9.36335754499
0.254193548387	9.36335754499
0.254516129032	9.36335754499
0.254838709677	9.36335754499
0.255161290323	9.36335754499
0.255483870968	9.36335754499
0.255806451613	9.36335754499
0.256129032258	9.36335754499
0.256451612903	9.36335754499
0.256774193548	9.36335754499
0.257096774194	9.36335754499
0.257419354839	9.36335754499
0.257741935484	9.36335754499
0.258064516129	9.36335754499
0.258387096774	9.36335754499
0.258709677419	9.36335754499
0.260322580645	9.36031078514
0.26064516129	9.36031078514
0.260967741935	9.36031078514
0.261290322581	9.36031078514
0.261612903226	9.36031078514
0.261935483871	9.36031078514
0.262258064516	9.36031078514
0.262580645161	9.36031078514
0.262903225806	9.36031078514
0.263225806452	9.36031078514
0.263548387097	9.36031078514
0.263870967742	9.36031078514
0.264193548387	9.36031078514
0.264516129032	9.36031078514
0.264838709677	9.36031078514
0.265161290323	9.36031078514
0.265483870968	9.36031078514
0.265806451613	9.36031078514
0.266129032258	9.36031078514
0.266451612903	9.36031078514
0.266774193548	9.36031078514
0.267096774194	9.36031078514
0.267419354839	9.36031078514
0.267741935484	9.36031078514
0.268064516129	9.36031078514
0.268387096774	9.36031078514
0.268709677419	9.36031078514
0.269032258065	9.36031078514
0.26935483871	9.36031078514
0.269677419355	9.36031078514
0.27	9.36031078514
0.270322580645	9.36031078514
0.27064516129	9.36031078514
0.270967741935	9.36031078514
0.271290322581	9.36031078514
0.271612903226	9.36031078514
0.271935483871	9.36031078514
0.272258064516	9.36031078514
0.272580645161	9.36031078514
0.272903225806	9.36031078514
0.273225806452	9.36031078514
0.273548387097	9.36031078514
0.273870967742	9.36031078514
0.274193548387	9.36031078514
0.274516129032	9.36031078514
0.274838709677	9.36031078514
0.275161290323	9.36031078514
0.275483870968	9.36031078514
0.277096774194	9.35726389547
0.277419354839	9.35726389547
0.277741935484	9.35726389547
0.278064516129	9.35726389547
0.278387096774	9.35726389547
0.278709677419	9.35726389547
0.279032258065	9.35726389547
0.27935483871	9.35726389547
0.279677419355	9.35726389547
0.28	9.35726389547
0.280322580645	9.35726389547
0.28064516129	9.35726389547
0.280967741935	9.35726389547
0.281290322581	9.35726389547
0.281612903226	9.35726389547
0.281935483871	9.35726389547
0.282258064516	9.35726389547
0.282580645161	9.35726389547
0.282903225806	9.35726389547
0.283225806452	9.35726389547
0.283548387097	9.35726389547
0.283870967742	9.35726389547
0.284193548387	9.35726389547
0.284516129032	9.35726389547
0.284838709677	9.35726389547
0.285161290323	9.35726389547
0.285483870968	9.35726389547
0.285806451613	9.35726389547
0.286129032258	9.35726389547
0.286451612903	9.35726389547
0.286774193548	9.35726389547
0.287096774194	9.35726389547
0.287419354839	9.35726389547
0.287741935484	9.35726389547
0.288064516129	9.35726389547
0.288387096774	9.35726389547
0.288709677419	9.35726389547
0.289032258065	9.35726389547
0.28935483871	9.35726389547
0.289677419355	9.35726389547
0.29	9.35726389547
0.290322580645	9.35726389547
0.29064516129	9.35726389547
0.290967741935	9.35726389547
0.291290322581	9.35726389547
0.291612903226	9.35726389547
0.291935483871	9.35726389547
0.293548387097	9.35421687622
0.293870967742	9.35421687622
0.294193548387	9.35421687622
0.294516129032	9.35421687622
0.294838709677	9.35421687622
0.295161290323	9.35421687622
0.295483870968	9.35421687622
0.295806451613	9.35421687622
0.296129032258	9.35421687622
0.296451612903	9.35421687622
0.296774193548	9.35421687622
0.297096774194	9.35421687622
0.297419354839	9.35421687622
0.297741935484	9.35421687622
0.298064516129	9.35421687622
0.298387096774	9.35421687622
0.298709677419	9.35421687622
0.299032258065	9.35421687622
0.29935483871	9.35421687622
0.299677419355	9.35421687622
0.3	9.35421687622
0.300322580645	9.35421687622
0.30064516129	9.35421687622
0.300967741935	9.35421687622
0.301290322581	9.35421687622
0.301612903226	9.35421687622
0.301935483871	9.35421687622
0.302258064516	9.35421687622
0.302580645161	9.35421687622
0.302903225806	9.35421687622
0.303225806452	9.35421687622
0.303548387097	9.35421687622
0.303870967742	9.35421687622
0.304193548387	9.35421687622
0.304516129032	9.35421687622
0.304838709677	9.35421687622
0.305161290323	9.35421687622
0.305483870968	9.35421687622
0.305806451613	9.35421687622
0.306129032258	9.35421687622
0.306451612903	9.35421687622
0.306774193548	9.35421687622
0.307096774194	9.35421687622
0.307419354839	9.35421687622
0.307741935484	9.35421687622
0.308064516129	9.35421687622
0.308387096774	9.35421687622
0.308709677419	9.35421687622
0.310322580645	9.35116972764
0.31064516129	9.35116972764
0.310967741935	9.35116972764
0.311290322581	9.35116972764
0.311612903226	9.35116972764
0.311935483871	9.35116972764
0.312258064516	9.35116972764
0.312580645161	9.35116972764
0.312903225806	9.35116972764
0.313225806452	9.35116972764
0.313548387097	9.35116972764
0.313870967742	9.35116972764
0.314193548387	9.35116972764
0.314516129032	9.35116972764
0.314838709677	9.35116972764
0.315161290323	9.35116972764
0.315483870968	9.35116972764
0.315806451613	9.35116972764
0.316129032258	9.35116972764
0.316451612903	9.35116972764
0.316774193548	9.35116972764
0.317096774194	9.35116972764
0.317419354839	9.35116972764
0.317741935484	9.35116972764
0.318064516129	9.35116972764
0.318387096774	9.35116972764
0.318709677419	9.35116972764
0.319032258065	9.35116972764
0.31935483871	9.35116972764
0.319677419355	9.35116972764
0.32	9.35116972764
0.320322580645	9.35116972764
0.32064516129	9.35116972764
0.320967741935	9.35116972764
0.321290322581	9.35116972764
0.321612903226	9.35116972764
0.321935483871	9.35116972764
0.322258064516	9.35116972764
0.322580645161	9.35116972764
0.322903225806	9.35116972764
0.323225806452	9.35116972764
0.323548387097	9.35116972764
0.323870967742	9.35116972764
0.324193548387	9.35116972764
0.324516129032	9.35116972764
0.324838709677	9.35116972764
0.325161290323	9.35116972764
0.326774193548	9.34812244998
0.327096774194	9.34812244998
0.327419354839	9.34812244998
0.327741935484	9.34812244998
0.328064516129	9.34812244998
0.328387096774	9.34812244998
0.328709677419	9.34812244998
0.329032258065	9.34812244998
0.32935483871	9.34812244998
0.329677419355	9.34812244998
0.33	9.34812244998
0.330322580645	9.34812244998
0.33064516129	9.34812244998
0.330967741935	9.34812244998
0.331290322581	9.34812244998
0.331612903226	9.34812244998
0.331935483871	9.34812244998
0.332258064516	9.34812244998
0.332580645161	9.34812244998
0.332903225806	9.34812244998
0.333225806452	9.34812244998
0.333548387097	9.34812244998
0.333870967742	9.34812244998
0.334193548387	9.34812244998
0.334516129032	9.34812244998
0.334838709677	9.34812244998
0.335161290323	9.34812244998
0.335483870968	9.34812244998
0.335806451613	9.34812244998
0.336129032258	9.34812244998
0.336451612903	9.34812244998
0.336774193548	9.34812244998
0.337096774194	9.34812244998
0.337419354839	9.34812244998
0.337741935484	9.34812244998
0.338064516129	9.34812244998
0.338387096774	9.34812244998
0.338709677419	9.34812244998
0.339032258065	9.34812244998
0.33935483871	9.34812244998
0.339677419355	9.34812244998
0.34	9.34812244998
0.340322580645	9.34812244998
0.34064516129	9.34812244998
0.340967741935	9.34812244998
0.341290322581	9.34812244998
0.341612903226	9.34812244998
0.343225806452	9.34507504346
0.343548387097	9.34507504346
0.343870967742	9.34507504346
0.344193548387	9.34507504346
0.344516129032	9.34507504346
0.344838709677	9.34507504346
0.345161290323	9.34507504346
0.345483870968	9.34507504346
0.345806451613	9.34507504346
0.346129032258	9.34507504346
0.346451612903	9.34507504346
0.346774193548	9.34507504346
0.347096774194	9.34507504346
0.347419354839	9.34507504346
0.347741935484	9.34507504346
0.348064516129	9.34507504346
0.348387096774	9.34507504346
0.348709677419	9.34507504346
0.349032258065	9.34507504346
0.34935483871	9.34507504346
0.349677419355	9.34507504346
0.35	9.34507504346
0.350322580645	9.34507504346
0.35064516129	9.34507504346
0.350967741935	9.34507504346
0.351290322581	9.34507504346
0.351612903226	9.34507504346
0.351935483871	9.34507504346
0.352258064516	9.34507504346
0.352580645161	9.34507504346
0.352903225806	9.34507504346
0.353225806452	9.34507504346
0.353548387097	9.34507504346
0.353870967742	9.34507504346
0.354193548387	9.34507504346
0.354516129032	9.34507504346
0.354838709677	9.34507504346
0.355161290323	9.34507504346
0.355483870968	9.34507504346
0.355806451613	9.34507504346
0.356129032258	9.34507504346
0.356451612903	9.34507504346
0.356774193548	9.34507504346
0.357096774194	9.34507504346
0.357419354839	9.34507504346
0.357741935484	9.34507504346
0.35935483871	9.34202750835
0.359677419355	9.34202750835
0.36	9.34202750835
0.360322580645	9.34202750835
0.36064516129	9.34202750835
0.360967741935	9.34202750835
0.361290322581	9.34202750835
0.361612903226	9.34202750835
0.361935483871	9.34202750835
0.362258064516	9.34202750835
0.362580645161	9.34202750835
0.362903225806	9.34202750835
0.363225806452	9.34202750835
0.363548387097	9.34202750835
0.363870967742	9.34202750835
0.364193548387	9.34202750835
0.364516129032	9.34202750835
0.364838709677	9.34202750835
0.365161290323	9.34202750835
0.365483870968	9.34202750835
0.365806451613	9.34202750835
0.366129032258	9.34202750835
0.366451612903	9.34202750835
0.366774193548	9.34202750835
0.367096774194	9.34202750835
0.367419354839	9.34202750835
0.367741935484	9.34202750835
0.368064516129	9.34202750835
0.368387096774	9.34202750835
0.368709677419	9.34202750835
0.369032258065	9.34202750835
0.36935483871	9.34202750835
0.369677419355	9.34202750835
0.37	9.34202750835
0.370322580645	9.34202750835
0.37064516129	9.34202750835
0.370967741935	9.34202750835
0.371290322581	9.34202750835
0.371612903226	9.34202750835
0.371935483871	9.34202750835
0.372258064516	9.34202750835
0.372580645161	9.34202750835
0.372903225806	9.34202750835
0.373225806452	9.34202750835
0.373548387097	9.34202750835
0.373870967742	9.34202750835
0.375483870968	9.33897984488
0.375806451613	9.33897984488
0.376129032258	9.33897984488
0.376451612903	9.33897984488
0.376774193548	9.33897984488
0.377096774194	9.33897984488
0.377419354839	9.33897984488
0.377741935484	9.33897984488
0.378064516129	9.33897984488
0.378387096774	9.33897984488
0.378709677419	9.33897984488
0.379032258065	9.33897984488
0.37935483871	9.33897984488
0.379677419355	9.33897984488
0.38	9.33897984488
0.380322580645	9.33897984488
0.38064516129	9.33897984488
0.380967741935	9.33897984488
0.381290322581	9.33897984488
0.381612903226	9.33897984488
0.381935483871	9.33897984488
0.382258064516	9.33897984488
0.382580645161	9.33897984488
0.382903225806	9.33897984488
0.383225806452	9.33897984488
0.383548387097	9.33897984488
0.383870967742	9.33897984488
0.384193548387	9.33897984488
0.384516129032	9.33897984488
0.384838709677	9.33897984488
0.385161290323	9.33897984488
0.385483870968	9.33897984488
0.385806451613	9.33897984488
0.386129032258	9.33897984488
0.386451612903	9.33897984488
0.386774193548	9.33897984488
0.387096774194	9.33897984488
0.387419354839	9.33897984488
0.387741935484	9.33897984488
0.388064516129	9.33897984488
0.388387096774	9.33897984488
0.388709677419	9.33897984488
0.389032258065	9.33897984488
0.38935483871	9.33897984488
0.389677419355	9.33897984488
0.39	9.33897984488
0.391612903226	9.3359320533
0.391935483871	9.3359320533
0.392258064516	9.3359320533
0.392580645161	9.3359320533
0.392903225806	9.3359320533
0.393225806452	9.3359320533
0.393548387097	9.3359320533
0.393870967742	9.3359320533
0.394193548387	9.3359320533
0.394516129032	9.3359320533
0.394838709677	9.3359320533
0.395161290323	9.3359320533
0.395483870968	9.3359320533
0.395806451613	9.3359320533
0.396129032258	9.3359320533
0.396451612903	9.3359320533
0.396774193548	9.3359320533
0.397096774194	9.3359320533
0.397419354839	9.3359320533
0.397741935484	9.3359320533
0.398064516129	9.3359320533
0.398387096774	9.3359320533
0.398709677419	9.3359320533
0.399032258065	9.3359320533
0.39935483871	9.3359320533
0.399677419355	9.3359320533
0.4	9.3359320533
0.400322580645	9.3359320533
0.40064516129	9.3359320533
0.400967741935	9.3359320533
0.401290322581	9.3359320533
0.401612903226	9.3359320533
0.401935483871	9.3359320533
0.402258064516	9.3359320533
0.402580645161	9.3359320533
0.402903225806	9.3359320533
0.403225806452	9.3359320533
0.403548387097	9.3359320533
0.403870967742	9.3359320533
0.404193548387	9.3359320533
0.404516129032	9.3359320533
0.404838709677	9.3359320533
0.405161290323	9.3359320533
0.405483870968	9.3359320533
0.405806451613	9.3359320533
0.407419354839	9.33288413386
0.407741935484	9.33288413386
0.408064516129	9.33288413386
0.408387096774	9.33288413386
0.408709677419	9.33288413386
0.409032258065	9.33288413386
0.40935483871	9.33288413386
0.409677419355	9.33288413386
0.41	9.33288413386
0.410322580645	9.33288413386
0.41064516129	9.33288413386
0.410967741935	9.33288413386
0.411290322581	9.33288413386
0.411612903226	9.33288413386
0.411935483871	9.33288413386
0.412258064516	9.33288413386
0.412580645161	9.33288413386
0.412903225806	9.33288413386
0.413225806452	9.33288413386
0.413548387097	9.33288413386
0.413870967742	9.33288413386
0.414193548387	9.33288413386
0.414516129032	9.33288413386
0.414838709677	9.33288413386
0.415161290323	9.33288413386
0.415483870968	9.33288413386
0.415806451613	9.33288413386
0.416129032258	9.33288413386
0.416451612903	9.33288413386
0.416774193548	9.33288413386
0.417096774194	9.33288413386
0.417419354839	9.33288413386
0.417741935484	9.33288413386
0.418064516129	9.33288413386
0.418387096774	9.33288413386
0.418709677419	9.33288413386
0.419032258065	9.33288413386
0.41935483871	9.33288413386
0.419677419355	9.33288413386
0.42	9.33288413386
0.420322580645	9.33288413386
0.42064516129	9.33288413386
0.420967741935	9.33288413386
0.421290322581	9.33288413386
0.421612903226	9.33288413386
0.421935483871	9.33288413386
0.423548387097	9.32983608682
0.423870967742	9.32983608682
0.424193548387	9.32983608682
0.424516129032	9.32983608682
0.424838709677	9.32983608682
0.425161290323	9.32983608682
0.425483870968	9.32983608682
0.425806451613	9.32983608682
0.426129032258	9.32983608682
0.426451612903	9.32983608682
0.426774193548	9.32983608682
0.427096774194	9.32983608682
0.427419354839	9.32983608682
0.427741935484	9.32983608682
0.428064516129	9.32983608682
0.428387096774	9.32983608682
0.428709677419	9.32983608682
0.429032258065	9.32983608682
0.42935483871	9.32983608682
0.429677419355	9.32983608682
0.43	9.32983608682
0.430322580645	9.32983608682
0.43064516129	9.32983608682
0.430967741935	9.32983608682
0.431290322581	9.32983608682
0.431612903226	9.32983608682
0.431935483871	9.32983608682
0.432258064516	9.32983608682
0.432580645161	9.32983608682
0.432903225806	9.32983608682
0.433225806452	9.32983608682
0.433548387097	9.32983608682
0.433870967742	9.32983608682
0.434193548387	9.32983608682
0.434516129032	9.32983608682
0.434838709677	9.32983608682
0.435161290323	9.32983608682
0.435483870968	9.32983608682
0.435806451613	9.32983608682
0.436129032258	9.32983608682
0.436451612903	9.32983608682
0.436774193548	9.32983608682
0.437096774194	9.32983608682
0.437419354839	9.32983608682
0.439032258065	9.32678791242
0.43935483871	9.32678791242
0.439677419355	9.32678791242
0.44	9.32678791242
0.440322580645	9.32678791242
0.44064516129	9.32678791242
0.440967741935	9.32678791242
0.441290322581	9.32678791242
0.441612903226	9.32678791242
0.441935483871	9.32678791242
0.442258064516	9.32678791242
0.442580645161	9.32678791242
0.442903225806	9.32678791242
0.443225806452	9.32678791242
0.443548387097	9.32678791242
0.443870967742	9.32678791242
0.444193548387	9.32678791242
0.444516129032	9.32678791242
0.444838709677	9.32678791242
0.445161290323	9.32678791242
0.445483870968	9.32678791242
0.445806451613	9.32678791242
0.446129032258	9.32678791242
0.446451612903	9.32678791242
0.446774193548	9.32678791242
0.447096774194	9.32678791242
0.447419354839	9.32678791242
0.447741935484	9.32678791242
0.448064516129	9.32678791242
0.448387096774	9.32678791242
0.448709677419	9.32678791242
0.449032258065	9.32678791242
0.44935483871	9.32678791242
0.449677419355	9.32678791242
0.45	9.32678791242
0.450322580645	9.32678791242
0.45064516129	9.32678791242
0.450967741935	9.32678791242
0.451290322581	9.32678791242
0.451612903226	9.32678791242
0.451935483871	9.32678791242
0.452258064516	9.32678791242
0.452580645161	9.32678791242
0.452903225806	9.32678791242
0.453225806452	9.32678791242
0.454838709677	9.3237396109
0.455161290323	9.3237396109
0.455483870968	9.3237396109
0.455806451613	9.3237396109
0.456129032258	9.3237396109
0.456451612903	9.3237396109
0.456774193548	9.3237396109
0.457096774194	9.3237396109
0.457419354839	9.3237396109
0.457741935484	9.3237396109
0.458064516129	9.3237396109
0.458387096774	9.3237396109
0.458709677419	9.3237396109
0.459032258065	9.3237396109
0.45935483871	9.3237396109
0.459677419355	9.3237396109
0.46	9.3237396109
0.460322580645	9.3237396109
0.46064516129	9.3237396109
0.460967741935	9.3237396109
0.461290322581	9.3237396109
0.461612903226	9.3237396109
0.461935483871	9.3237396109
0.462258064516	9.3237396109
0.462580645161	9.3237396109
0.462903225806	9.3237396109
0.463225806452	9.3237396109
0.463548387097	9.3237396109
0.463870967742	9.3237396109
0.464193548387	9.3237396109
0.464516129032	9.3237396109
0.464838709677	9.3237396109
0.465161290323	9.3237396109
0.465483870968	9.3237396109
0.465806451613	9.3237396109
0.466129032258	9.3237396109
0.466451612903	9.3237396109
0.466774193548	9.3237396109
0.467096774194	9.3237396109
0.467419354839	9.3237396109
0.467741935484	9.3237396109
0.468064516129	9.3237396109
0.468387096774	9.3237396109
0.468709677419	9.3237396109
0.470322580645	9.32069118254
0.47064516129	9.32069118254
0.470967741935	9.32069118254
0.471290322581	9.32069118254
0.471612903226	9.32069118254
0.471935483871	9.32069118254
0.472258064516	9.32069118254
0.472580645161	9.32069118254
0.472903225806	9.32069118254
0.473225806452	9.32069118254
0.473548387097	9.32069118254
0.473870967742	9.32069118254
0.474193548387	9.32069118254
0.474516129032	9.32069118254
0.474838709677	9.32069118254
0.475161290323	9.32069118254
0.475483870968	9.32069118254
0.475806451613	9.32069118254
0.476129032258	9.32069118254
0.476451612903	9.32069118254
0.476774193548	9.32069118254
0.477096774194	9.32069118254
0.477419354839	9.32069118254
0.477741935484	9.32069118254
0.478064516129	9.32069118254
0.478387096774	9.32069118254
0.478709677419	9.32069118254
0.479032258065	9.32069118254
0.47935483871	9.32069118254
0.479677419355	9.32069118254
0.48	9.32069118254
0.480322580645	9.32069118254
0.48064516129	9.32069118254
0.480967741935	9.32069118254
0.481290322581	9.32069118254
0.481612903226	9.32069118254
0.481935483871	9.32069118254
0.482258064516	9.32069118254
0.482580645161	9.32069118254
0.482903225806	9.32069118254
0.483225806452	9.32069118254
0.483548387097	9.32069118254
0.483870967742	9.32069118254
0.484193548387	9.32069118254
0.485806451613	9.31764262758
0.486129032258	9.31764262758
0.486451612903	9.31764262758
0.486774193548	9.31764262758
0.487096774194	9.31764262758
0.487419354839	9.31764262758
0.487741935484	9.31764262758
0.488064516129	9.31764262758
0.488387096774	9.31764262758
0.488709677419	9.31764262758
0.489032258065	9.31764262758
0.48935483871	9.31764262758
0.489677419355	9.31764262758
0.49	9.31764262758
0.490322580645	9.31764262758
0.49064516129	9.31764262758
0.490967741935	9.31764262758
0.491290322581	9.31764262758
0.491612903226	9.31764262758
0.491935483871	9.31764262758
0.492258064516	9.31764262758
0.492580645161	9.31764262758
0.492903225806	9.31764262758
0.493225806452	9.31764262758
0.493548387097	9.31764262758
0.493870967742	9.31764262758
0.494193548387	9.31764262758
0.494516129032	9.31764262758
0.494838709677	9.31764262758
0.495161290323	9.31764262758
0.495483870968	9.31764262758
0.495806451613	9.31764262758
0.496129032258	9.31764262758
0.496451612903	9.31764262758
0.496774193548	9.31764262758
0.497096774194	9.31764262758
0.497419354839	9.31764262758
0.497741935484	9.31764262758
0.498064516129	9.31764262758
0.498387096774	9.31764262758
0.498709677419	9.31764262758
0.499032258065	9.31764262758
0.49935483871	9.31764262758
0.499677419355	9.31764262758
0.501290322581	9.31459394627
0.501612903226	9.31459394627
0.501935483871	9.31459394627
0.502258064516	9.31459394627
0.502580645161	9.31459394627
0.502903225806	9.31459394627
0.503225806452	9.31459394627
0.503548387097	9.31459394627
0.503870967742	9.31459394627
0.504193548387	9.31459394627
0.504516129032	9.31459394627
0.504838709677	9.31459394627
0.505161290323	9.31459394627
0.505483870968	9.31459394627
0.505806451613	9.31459394627
0.506129032258	9.31459394627
0.506451612903	9.31459394627
0.506774193548	9.31459394627
0.507096774194	9.31459394627
0.507419354839	9.31459394627
0.507741935484	9.31459394627
0.508064516129	9.31459394627
0.508387096774	9.31459394627
0.508709677419	9.31459394627
0.509032258065	9.31459394627
0.50935483871	9.31459394627
0.509677419355	9.31459394627
0.51	9.31459394627
0.510322580645	9.31459394627
0.51064516129	9.31459394627
0.510967741935	9.31459394627
0.511290322581	9.31459394627
0.511612903226	9.31459394627
0.511935483871	9.31459394627
0.512258064516	9.31459394627
0.512580645161	9.31459394627
0.512903225806	9.31459394627
0.513225806452	9.31459394627
0.513548387097	9.31459394627
0.513870967742	9.31459394627
0.514193548387	9.31459394627
0.514516129032	9.31459394627
0.514838709677	9.31459394627
0.516451612903	9.31154513887
0.516774193548	9.31154513887
0.517096774194	9.31154513887
0.517419354839	9.31154513887
0.517741935484	9.31154513887
0.518064516129	9.31154513887
0.518387096774	9.31154513887
0.518709677419	9.31154513887
0.519032258065	9.31154513887
0.51935483871	9.31154513887
0.519677419355	9.31154513887
0.52	9.31154513887
0.520322580645	9.31154513887
0.52064516129	9.31154513887
0.520967741935	9.31154513887
0.521290322581	9.31154513887
0.521612903226	9.31154513887
0.521935483871	9.31154513887
0.522258064516	9.31154513887
0.522580645161	9.31154513887
0.522903225806	9.31154513887
0.523225806452	9.31154513887
0.523548387097	9.31154513887
0.523870967742	9.31154513887
0.524193548387	9.31154513887
0.524516129032	9.31154513887
0.524838709677	9.31154513887
0.525161290323	9.31154513887
0.525483870968	9.31154513887
0.525806451613	9.31154513887
0.526129032258	9.31154513887
0.526451612903	9.31154513887
0.526774193548	9.31154513887
0.527096774194	9.31154513887
0.527419354839	9.31154513887
0.527741935484	9.31154513887
0.528064516129	9.31154513887
0.528387096774	9.31154513887
0.528709677419	9.31154513887
0.529032258065	9.31154513887
0.52935483871	9.31154513887
0.529677419355	9.31154513887
0.53	9.31154513887
0.530322580645	9.31154513887
0.531935483871	9.30849620564
0.532258064516	9.30849620564
0.532580645161	9.30849620564
0.532903225806	9.30849620564
0.533225806452	9.30849620564
0.533548387097	9.30849620564
0.533870967742	9.30849620564
0.534193548387	9.30849620564
0.534516129032	9.30849620564
0.534838709677	9.30849620564
0.535161290323	9.30849620564
0.535483870968	9.30849620564
0.535806451613	9.30849620564
0.536129032258	9.30849620564
0.536451612903	9.30849620564
0.536774193548	9.30849620564
0.537096774194	9.30849620564
0.537419354839	9.30849620564
0.537741935484	9.30849620564
0.538064516129	9.30849620564
0.538387096774	9.30849620564
0.538709677419	9.30849620564
0.539032258065	9.30849620564
0.53935483871	9.30849620564
0.539677419355	9.30849620564
0.54	9.30849620564
0.540322580645	9.30849620564
0.54064516129	9.30849620564
0.540967741935	9.30849620564
0.541290322581	9.30849620564
0.541612903226	9.30849620564
0.541935483871	9.30849620564
0.542258064516	9.30849620564
0.542580645161	9.30849620564
0.542903225806	9.30849620564
0.543225806452	9.30849620564
0.543548387097	9.30849620564
0.543870967742	9.30849620564
0.544193548387	9.30849620564
0.544516129032	9.30849620564
0.544838709677	9.30849620564
0.545161290323	9.30849620564
0.546774193548	9.30544714683
0.547096774194	9.30544714683
0.547419354839	9.30544714683
0.547741935484	9.30544714683
0.548064516129	9.30544714683
0.548387096774	9.30544714683
0.548709677419	9.30544714683
0.549032258065	9.30544714683
0.54935483871	9.30544714683
0.549677419355	9.30544714683
0.55	9.30544714683
0.550322580645	9.30544714683
0.55064516129	9.30544714683
0.550967741935	9.30544714683
0.551290322581	9.30544714683
0.551612903226	9.30544714683
0.551935483871	9.30544714683
0.552258064516	9.30544714683
0.552580645161	9.30544714683
0.552903225806	9.30544714683
0.553225806452	9.30544714683
0.553548387097	9.30544714683
0.553870967742	9.30544714683
0.554193548387	9.30544714683
0.554516129032	9.30544714683
0.554838709677	9.30544714683
0.555161290323	9.30544714683
0.555483870968	9.30544714683
0.555806451613	9.30544714683
0.556129032258	9.30544714683
0.556451612903	9.30544714683
0.556774193548	9.30544714683
0.557096774194	9.30544714683
0.557419354839	9.30544714683
0.557741935484	9.30544714683
0.558064516129	9.30544714683
0.558387096774	9.30544714683
0.558709677419	9.30544714683
0.559032258065	9.30544714683
0.55935483871	9.30544714683
0.559677419355	9.30544714683
0.56	9.30544714683
0.560322580645	9.30544714683
0.561935483871	9.30239796272
0.562258064516	9.30239796272
0.562580645161	9.30239796272
0.562903225806	9.30239796272
0.563225806452	9.30239796272
0.563548387097	9.30239796272
0.563870967742	9.30239796272
0.564193548387	9.30239796272
0.564516129032	9.30239796272
0.564838709677	9.30239796272
0.565161290323	9.30239796272
0.565483870968	9.30239796272
0.565806451613	9.30239796272
0.566129032258	9.30239796272
0.566451612903	9.30239796272
0.566774193548	9.30239796272
0.567096774194	9.30239796272
0.567419354839	9.30239796272
0.567741935484	9.30239796272
0.568064516129	9.30239796272
0.568387096774	9.30239796272
0.568709677419	9.30239796272
0.569032258065	9.30239796272
0.56935483871	9.30239796272
0.569677419355	9.30239796272
0.57	9.30239796272
0.570322580645	9.30239796272
0.57064516129	9.30239796272
0.570967741935	9.30239796272
0.571290322581	9.30239796272
0.571612903226	9.30239796272
0.571935483871	9.30239796272
0.572258064516	9.30239796272
0.572580645161	9.30239796272
0.572903225806	9.30239796272
0.573225806452	9.30239796272
0.573548387097	9.30239796272
0.573870967742	9.30239796272
0.574193548387	9.30239796272
0.574516129032	9.30239796272
0.574838709677	9.30239796272
0.575161290323	9.30239796272
0.576774193548	9.29934865355
0.577096774194	9.29934865355
0.577419354839	9.29934865355
0.577741935484	9.29934865355
0.578064516129	9.29934865355
0.578387096774	9.29934865355
0.578709677419	9.29934865355
0.579032258065	9.29934865355
0.57935483871	9.29934865355
0.579677419355	9.29934865355
0.58	9.29934865355
0.580322580645	9.29934865355
0.58064516129	9.29934865355
0.580967741935	9.29934865355
0.581290322581	9.29934865355
0.581612903226	9.29934865355
0.581935483871	9.29934865355
0.582258064516	9.29934865355
0.582580645161	9.29934865355
0.582903225806	9.29934865355
0.583225806452	9.29934865355
0.583548387097	9.29934865355
0.583870967742	9.29934865355
0.584193548387	9.29934865355
0.584516129032	9.29934865355
0.584838709677	9.29934865355
0.585161290323	9.29934865355
0.585483870968	9.29934865355
0.585806451613	9.29934865355
0.586129032258	9.29934865355
0.586451612903	9.29934865355
0.586774193548	9.29934865355
0.587096774194	9.29934865355
0.587419354839	9.29934865355
0.587741935484	9.29934865355
0.588064516129	9.29934865355
0.588387096774	9.29934865355
0.588709677419	9.29934865355
0.589032258065	9.29934865355
0.58935483871	9.29934865355
0.589677419355	9.29934865355
0.59	9.29934865355
0.591612903226	9.29629921959
0.591935483871	9.29629921959
0.592258064516	9.29629921959
0.592580645161	9.29629921959
0.592903225806	9.29629921959
0.593225806452	9.29629921959
0.593548387097	9.29629921959
0.593870967742	9.29629921959
0.594193548387	9.29629921959
0.594516129032	9.29629921959
0.594838709677	9.29629921959
0.595161290323	9.29629921959
0.595483870968	9.29629921959
0.595806451613	9.29629921959
0.596129032258	9.29629921959
0.596451612903	9.29629921959
0.596774193548	9.29629921959
0.597096774194	9.29629921959
0.597419354839	9.29629921959
0.597741935484	9.29629921959
0.598064516129	9.29629921959
0.598387096774	9.29629921959
0.598709677419	9.29629921959
0.599032258065	9.29629921959
0.59935483871	9.29629921959
0.599677419355	9.29629921959
0.6	9.29629921959
0.600322580645	9.29629921959
0.60064516129	9.29629921959
0.600967741935	9.29629921959
0.601290322581	9.29629921959
0.601612903226	9.29629921959
0.601935483871	9.29629921959
0.602258064516	9.29629921959
0.602580645161	9.29629921959
0.602903225806	9.29629921959
0.603225806452	9.29629921959
0.603548387097	9.29629921959
0.603870967742	9.29629921959
0.604193548387	9.29629921959
0.604516129032	9.29629921959
0.604838709677	9.29629921959
0.606451612903	9.2932496611
0.606774193548	9.2932496611
0.607096774194	9.2932496611
0.607419354839	9.2932496611
0.607741935484	9.2932496611
0.608064516129	9.2932496611
0.608387096774	9.2932496611
0.608709677419	9.2932496611
0.609032258065	9.2932496611
0.60935483871	9.2932496611
0.609677419355	9.2932496611
0.61	9.2932496611
0.610322580645	9.2932496611
0.61064516129	9.2932496611
0.610967741935	9.2932496611
0.611290322581	9.2932496611
0.611612903226	9.2932496611
0.611935483871	9.2932496611
0.612258064516	9.2932496611
0.612580645161	9.2932496611
0.612903225806	9.2932496611
0.613225806452	9.2932496611
0.613548387097	9.2932496611
0.613870967742	9.2932496611
0.614193548387	9.2932496611
0.614516129032	9.2932496611
0.614838709677	9.2932496611
0.615161290323	9.2932496611
0.615483870968	9.2932496611
0.615806451613	9.2932496611
0.616129032258	9.2932496611
0.616451612903	9.2932496611
0.616774193548	9.2932496611
0.617096774194	9.2932496611
0.617419354839	9.2932496611
0.617741935484	9.2932496611
0.618064516129	9.2932496611
0.618387096774	9.2932496611
0.618709677419	9.2932496611
0.619032258065	9.2932496611
0.61935483871	9.2932496611
0.620967741935	9.29019997835
0.621290322581	9.29019997835
0.621612903226	9.29019997835
0.621935483871	9.29019997835
0.622258064516	9.29019997835
0.622580645161	9.29019997835
0.622903225806	9.29019997835
0.623225806452	9.29019997835
0.623548387097	9.29019997835
0.623870967742	9.29019997835
0.624193548387	9.29019997835
0.624516129032	9.29019997835
0.624838709677	9.29019997835
0.625161290323	9.29019997835
0.625483870968	9.29019997835
0.625806451613	9.29019997835
0.626129032258	9.29019997835
0.626451612903	9.29019997835
0.626774193548	9.29019997835
0.627096774194	9.29019997835
0.627419354839	9.29019997835
0.627741935484	9.29019997835
0.628064516129	9.29019997835
0.628387096774	9.29019997835
0.628709677419	9.29019997835
0.629032258065	9.29019997835
0.62935483871	9.29019997835
0.629677419355	9.29019997835
0.63	9.29019997835
0.630322580645	9.29019997835
0.63064516129	9.29019997835
0.630967741935	9.29019997835
0.631290322581	9.29019997835
0.631612903226	9.29019997835
0.631935483871	9.29019997835
0.632258064516	9.29019997835
0.632580645161	9.29019997835
0.632903225806	9.29019997835
0.633225806452	9.29019997835
0.633548387097	9.29019997835
0.633870967742	9.29019997835
0.635483870968	9.2871501716
0.635806451613	9.2871501716
0.636129032258	9.2871501716
0.636451612903	9.2871501716
0.636774193548	9.2871501716
0.637096774194	9.2871501716
0.637419354839	9.2871501716
0.637741935484	9.2871501716
0.638064516129	9.2871501716
0.638387096774	9.2871501716
0.638709677419	9.2871501716
0.639032258065	9.2871501716
0.63935483871	9.2871501716
0.639677419355	9.2871501716
0.64	9.2871501716
0.640322580645	9.2871501716
0.64064516129	9.2871501716
0.640967741935	9.2871501716
0.641290322581	9.2871501716
0.641612903226	9.2871501716
0.641935483871	9.2871501716
0.642258064516	9.2871501716
0.642580645161	9.2871501716
0.642903225806	9.2871501716
0.643225806452	9.2871501716
0.643548387097	9.2871501716
0.643870967742	9.2871501716
0.644193548387	9.2871501716
0.644516129032	9.2871501716
0.644838709677	9.2871501716
0.645161290323	9.2871501716
0.645483870968	9.2871501716
0.645806451613	9.2871501716
0.646129032258	9.2871501716
0.646451612903	9.2871501716
0.646774193548	9.2871501716
0.647096774194	9.2871501716
0.647419354839	9.2871501716
0.647741935484	9.2871501716
0.648064516129	9.2871501716
0.648387096774	9.2871501716
0.65	9.28410024112
0.650322580645	9.28410024112
0.65064516129	9.28410024112
0.650967741935	9.28410024112
0.651290322581	9.28410024112
0.651612903226	9.28410024112
0.651935483871	9.28410024112
0.652258064516	9.28410024112
0.652580645161	9.28410024112
0.652903225806	9.28410024112
0.653225806452	9.28410024112
0.653548387097	9.28410024112
0.653870967742	9.28410024112
0.654193548387	9.28410024112
0.654516129032	9.28410024112
0.654838709677	9.28410024112
0.655161290323	9.28410024112
0.655483870968	9.28410024112
0.655806451613	9.28410024112
0.656129032258	9.28410024112
0.656451612903	9.28410024112
0.656774193548	9.28410024112
0.657096774194	9.28410024112
0.657419354839	9.28410024112
0.657741935484	9.28410024112
0.658064516129	9.28410024112
0.658387096774	9.28410024112
0.658709677419	9.28410024112
0.659032258065	9.28410024112
0.65935483871	9.28410024112
0.659677419355	9.28410024112
0.66	9.28410024112
0.660322580645	9.28410024112
0.66064516129	9.28410024112
0.660967741935	9.28410024112
0.661290322581	9.28410024112
0.661612903226	9.28410024112
0.661935483871	9.28410024112
0.662258064516	9.28410024112
0.662580645161	9.28410024112
0.662903225806	9.28410024112
0.664516129032	9.28105018717
0.664838709677	9.28105018717
0.665161290323	9.28105018717
0.665483870968	9.28105018717
0.665806451613	9.28105018717
0.666129032258	9.28105018717
0.666451612903	9.28105018717
0.666774193548	9.28105018717
0.667096774194	9.28105018717
0.667419354839	9.28105018717
0.667741935484	9.28105018717
0.668064516129	9.28105018717
0.668387096774	9.28105018717
0.668709677419	9.28105018717
0.669032258065	9.28105018717
0.66935483871	9.28105018717
0.669677419355	9.28105018717
0.67	9.28105018717
0.670322580645	9.28105018717
0.67064516129	9.28105018717
0.670967741935	9.28105018717
0.671290322581	9.28105018717
0.671612903226	9.28105018717
0.671935483871	9.28105018717
0.672258064516	9.28105018717
0.672580645161	9.28105018717
0.672903225806	9.28105018717
0.673225806452	9.28105018717
0.673548387097	9.28105018717
0.673870967742	9.28105018717
0.674193548387	9.28105018717
0.674516129032	9.28105018717
0.674838709677	9.28105018717
0.675161290323	9.28105018717
0.675483870968	9.28105018717
0.675806451613	9.28105018717
0.676129032258	9.28105018717
0.676451612903	9.28105018717
0.676774193548	9.28105018717
0.677096774194	9.28105018717
0.678709677419	9.27800001003
0.679032258065	9.27800001003
0.67935483871	9.27800001003
0.679677419355	9.27800001003
0.68	9.27800001003
0.680322580645	9.27800001003
0.68064516129	9.27800001003
0.680967741935	9.27800001003
0.681290322581	9.27800001003
0.681612903226	9.27800001003
0.681935483871	9.27800001003
0.682258064516	9.27800001003
0.682580645161	9.27800001003
0.682903225806	9.27800001003
0.683225806452	9.27800001003
0.683548387097	9.27800001003
0.683870967742	9.27800001003
0.684193548387	9.27800001003
0.684516129032	9.27800001003
0.684838709677	9.27800001003
0.685161290323	9.27800001003
0.685483870968	9.27800001003
0.685806451613	9.27800001003
0.686129032258	9.27800001003
0.686451612903	9.27800001003
0.686774193548	9.27800001003
0.687096774194	9.27800001003
0.687419354839	9.27800001003
0.687741935484	9.27800001003
0.688064516129	9.27800001003
0.688387096774	9.27800001003
0.688709677419	9.27800001003
0.689032258065	9.27800001003
0.68935483871	9.27800001003
0.689677419355	9.27800001003
0.69	9.27800001003
0.690322580645	9.27800001003
0.69064516129	9.27800001003
0.690967741935	9.27800001003
0.691290322581	9.27800001003
0.692903225806	9.27494970997
0.693225806452	9.27494970997
0.693548387097	9.27494970997
0.693870967742	9.27494970997
0.694193548387	9.27494970997
0.694516129032	9.27494970997
0.694838709677	9.27494970997
0.695161290323	9.27494970997
0.695483870968	9.27494970997
0.695806451613	9.27494970997
0.696129032258	9.27494970997
0.696451612903	9.27494970997
0.696774193548	9.27494970997
0.697096774194	9.27494970997
0.697419354839	9.27494970997
0.697741935484	9.27494970997
0.698064516129	9.27494970997
0.698387096774	9.27494970997
0.698709677419	9.27494970997
0.699032258065	9.27494970997
0.69935483871	9.27494970997
0.699677419355	9.27494970997
0.7	9.27494970997
0.700322580645	9.27494970997
0.70064516129	9.27494970997
0.700967741935	9.27494970997
0.701290322581	9.27494970997
0.701612903226	9.27494970997
0.701935483871	9.27494970997
0.702258064516	9.27494970997
0.702580645161	9.27494970997
0.702903225806	9.27494970997
0.703225806452	9.27494970997
0.703548387097	9.27494970997
0.703870967742	9.27494970997
0.704193548387	9.27494970997
0.704516129032	9.27494970997
0.704838709677	9.27494970997
0.705161290323	9.27494970997
0.705483870968	9.27494970997
0.707096774194	9.27189928725
0.707419354839	9.27189928725
0.707741935484	9.27189928725
0.708064516129	9.27189928725
0.708387096774	9.27189928725
0.708709677419	9.27189928725
0.709032258065	9.27189928725
0.70935483871	9.27189928725
0.709677419355	9.27189928725
0.71	9.27189928725
0.710322580645	9.27189928725
0.71064516129	9.27189928725
0.710967741935	9.27189928725
0.711290322581	9.27189928725
0.711612903226	9.27189928725
0.711935483871	9.27189928725
0.712258064516	9.27189928725
0.712580645161	9.27189928725
0.712903225806	9.27189928725
0.713225806452	9.27189928725
0.713548387097	9.27189928725
0.713870967742	9.27189928725
0.714193548387	9.27189928725
0.714516129032	9.27189928725
0.714838709677	9.27189928725
0.715161290323	9.27189928725
0.715483870968	9.27189928725
0.715806451613	9.27189928725
0.716129032258	9.27189928725
0.716451612903	9.27189928725
0.716774193548	9.27189928725
0.717096774194	9.27189928725
0.717419354839	9.27189928725
0.717741935484	9.27189928725
0.718064516129	9.27189928725
0.718387096774	9.27189928725
0.718709677419	9.27189928725
0.719032258065	9.27189928725
0.71935483871	9.27189928725
0.720967741935	9.26884874215
0.721290322581	9.26884874215
0.721612903226	9.26884874215
0.721935483871	9.26884874215
0.722258064516	9.26884874215
0.722580645161	9.26884874215
0.722903225806	9.26884874215
0.723225806452	9.26884874215
0.723548387097	9.26884874215
0.723870967742	9.26884874215
0.724193548387	9.26884874215
0.724516129032	9.26884874215
0.724838709677	9.26884874215
0.725161290323	9.26884874215
0.725483870968	9.26884874215
0.725806451613	9.26884874215
0.726129032258	9.26884874215
0.726451612903	9.26884874215
0.726774193548	9.26884874215
0.727096774194	9.26884874215
0.727419354839	9.26884874215
0.727741935484	9.26884874215
0.728064516129	9.26884874215
0.728387096774	9.26884874215
0.728709677419	9.26884874215
0.729032258065	9.26884874215
0.72935483871	9.26884874215
0.729677419355	9.26884874215
0.73	9.26884874215
0.730322580645	9.26884874215
0.73064516129	9.26884874215
0.730967741935	9.26884874215
0.731290322581	9.26884874215
0.731612903226	9.26884874215
0.731935483871	9.26884874215
0.732258064516	9.26884874215
0.732580645161	9.26884874215
0.732903225806	9.26884874215
0.733225806452	9.26884874215
0.733548387097	9.26884874215
0.735161290323	9.26579807494
0.735483870968	9.26579807494
0.735806451613	9.26579807494
0.736129032258	9.26579807494
0.736451612903	9.26579807494
0.736774193548	9.26579807494
0.737096774194	9.26579807494
0.737419354839	9.26579807494
0.737741935484	9.26579807494
0.738064516129	9.26579807494
0.738387096774	9.26579807494
0.738709677419	9.26579807494
0.739032258065	9.26579807494
0.73935483871	9.26579807494
0.739677419355	9.26579807494
0.74	9.26579807494
0.740322580645	9.26579807494
0.74064516129	9.26579807494
0.740967741935	9.26579807494
0.741290322581	9.26579807494
0.741612903226	9.26579807494
0.741935483871	9.26579807494
0.742258064516	9.26579807494
0.742580645161	9.26579807494
0.742903225806	9.26579807494
0.743225806452	9.26579807494
0.743548387097	9.26579807494
0.743870967742	9.26579807494
0.744193548387	9.26579807494
0.744516129032	9.26579807494
0.744838709677	9.26579807494
0.745161290323	9.26579807494
0.745483870968	9.26579807494
0.745806451613	9.26579807494
0.746129032258	9.26579807494
0.746451612903	9.26579807494
0.746774193548	9.26579807494
0.747096774194	9.26579807494
0.747419354839	9.26579807494
0.747741935484	9.26579807494
0.748064516129	9.26579807494
0.749677419355	9.2627472859
0.75	9.2627472859
0.750322580645	9.2627472859
0.75064516129	9.2627472859
0.750967741935	9.2627472859
0.751290322581	9.2627472859
0.752903225806	9.2596963753
0.753225806452	9.2596963753
0.753548387097	9.2596963753
0.753870967742	9.2596963753
0.754193548387	9.2596963753
0.754516129032	9.2596963753
0.754838709677	9.2596963753
0.755161290323	9.2596963753
0.755483870968	9.2596963753
0.757096774194	9.2627472859
0.757419354839	9.2627472859
0.757741935484	9.2627472859
0.758064516129	9.2627472859
0.758387096774	9.2627472859
0.758709677419	9.2627472859
0.759032258065	9.2627472859
0.75935483871	9.2627472859
0.759677419355	9.2627472859
0.76	9.2627472859
0.760322580645	9.2627472859
0.76064516129	9.2627472859
0.760967741935	9.2627472859
0.762580645161	9.2596963753
0.762903225806	9.2596963753
0.763225806452	9.2596963753
0.763548387097	9.2596963753
0.763870967742	9.2596963753
0.764193548387	9.2596963753
0.764516129032	9.2596963753
0.764838709677	9.2596963753
0.765161290323	9.2596963753
0.765483870968	9.2596963753
0.765806451613	9.2596963753
0.766129032258	9.2596963753
0.766451612903	9.2596963753
0.766774193548	9.2596963753
0.767096774194	9.2596963753
0.767419354839	9.2596963753
0.767741935484	9.2596963753
0.768064516129	9.2596963753
0.768387096774	9.2596963753
0.768709677419	9.2596963753
0.769032258065	9.2596963753
0.76935483871	9.2596963753
0.769677419355	9.2596963753
0.77	9.2596963753
0.770322580645	9.2596963753
0.77064516129	9.2596963753
0.770967741935	9.2596963753
0.771290322581	9.2596963753
0.771612903226	9.2596963753
0.771935483871	9.2596963753
0.772258064516	9.2596963753
0.772580645161	9.2596963753
0.772903225806	9.2596963753
0.773225806452	9.2596963753
0.773548387097	9.2596963753
0.773870967742	9.2596963753
0.774193548387	9.2596963753
0.774516129032	9.2596963753
0.774838709677	9.2596963753
0.776451612903	9.25664534342
0.776774193548	9.25664534342
0.777096774194	9.25664534342
0.777419354839	9.25664534342
0.777741935484	9.25664534342
0.778064516129	9.25664534342
0.778387096774	9.25664534342
0.778709677419	9.25664534342
0.779032258065	9.25664534342
0.77935483871	9.25664534342
0.779677419355	9.25664534342
0.78	9.25664534342
0.780322580645	9.25664534342
0.78064516129	9.25664534342
0.780967741935	9.25664534342
0.781290322581	9.25664534342
0.781612903226	9.25664534342
0.781935483871	9.25664534342
0.782258064516	9.25664534342
0.782580645161	9.25664534342
0.782903225806	9.25664534342
0.783225806452	9.25664534342
0.783548387097	9.25664534342
0.783870967742	9.25664534342
0.784193548387	9.25664534342
0.784516129032	9.25664534342
0.784838709677	9.25664534342
0.785161290323	9.25664534342
0.785483870968	9.25664534342
0.785806451613	9.25664534342
0.786129032258	9.25664534342
0.786451612903	9.25664534342
0.786774193548	9.25664534342
0.787096774194	9.25664534342
0.787419354839	9.25664534342
0.787741935484	9.25664534342
0.788064516129	9.25664534342
0.788387096774	9.25664534342
0.79	9.25359419054
0.790322580645	9.25359419054
0.79064516129	9.25359419054
0.790967741935	9.25359419054
0.791290322581	9.25359419054
0.791612903226	9.25359419054
0.791935483871	9.25359419054
0.792258064516	9.25359419054
0.792580645161	9.25359419054
0.792903225806	9.25359419054
0.793225806452	9.25359419054
0.793548387097	9.25359419054
0.793870967742	9.25359419054
0.794193548387	9.25359419054
0.794516129032	9.25359419054
0.794838709677	9.25359419054
0.795161290323	9.25359419054
0.795483870968	9.25359419054
0.795806451613	9.25359419054
0.796129032258	9.25359419054
0.796451612903	9.25359419054
0.796774193548	9.25359419054
0.797096774194	9.25359419054
0.797419354839	9.25359419054
0.797741935484	9.25359419054
0.798064516129	9.25359419054
0.798387096774	9.25359419054
0.798709677419	9.25359419054
0.799032258065	9.25359419054
0.79935483871	9.25359419054
0.799677419355	9.25359419054
0.8	9.25359419054
0.800322580645	9.25359419054
0.80064516129	9.25359419054
0.800967741935	9.25359419054
0.801290322581	9.25359419054
0.801612903226	9.25359419054
0.801935483871	9.25359419054
0.803548387097	9.25054291694
0.803870967742	9.25054291694
0.804193548387	9.25054291694
0.804516129032	9.25054291694
0.804838709677	9.25054291694
0.805161290323	9.25054291694
0.805483870968	9.25054291694
0.805806451613	9.25054291694
0.806129032258	9.25054291694
0.806451612903	9.25054291694
0.806774193548	9.25054291694
0.807096774194	9.25054291694
0.807419354839	9.25054291694
0.807741935484	9.25054291694
0.808064516129	9.25054291694
0.808387096774	9.25054291694
0.808709677419	9.25054291694
0.809032258065	9.25054291694
0.80935483871	9.25054291694
0.809677419355	9.25054291694
0.81	9.25054291694
0.810322580645	9.25054291694
0.81064516129	9.25054291694
0.810967741935	9.25054291694
0.811290322581	9.25054291694
0.811612903226	9.25054291694
0.811935483871	9.25054291694
0.812258064516	9.25054291694
0.812580645161	9.25054291694
0.812903225806	9.25054291694
0.813225806452	9.25054291694
0.813548387097	9.25054291694
0.813870967742	9.25054291694
0.814193548387	9.25054291694
0.814516129032	9.25054291694
0.814838709677	9.25054291694
0.815161290323	9.25054291694
0.815483870968	9.25054291694
0.817096774194	9.2474915229
0.817419354839	9.2474915229
0.817741935484	9.2474915229
0.818064516129	9.2474915229
0.818387096774	9.2474915229
0.818709677419	9.2474915229
0.819032258065	9.2474915229
0.81935483871	9.2474915229
0.819677419355	9.2474915229
0.82	9.2474915229
0.820322580645	9.2474915229
0.82064516129	9.2474915229
0.820967741935	9.2474915229
0.821290322581	9.2474915229
0.821612903226	9.2474915229
0.821935483871	9.2474915229
0.822258064516	9.2474915229
0.822580645161	9.2474915229
0.822903225806	9.2474915229
0.823225806452	9.2474915229
0.823548387097	9.2474915229
0.823870967742	9.2474915229
0.824193548387	9.2474915229
0.824516129032	9.2474915229
0.824838709677	9.2474915229
0.825161290323	9.2474915229
0.825483870968	9.2474915229
0.825806451613	9.2474915229
0.826129032258	9.2474915229
0.826451612903	9.2474915229
0.826774193548	9.2474915229
0.827096774194	9.2474915229
0.827419354839	9.2474915229
0.827741935484	9.2474915229
0.828064516129	9.2474915229
0.828387096774	9.2474915229
0.828709677419	9.2474915229
0.830322580645	9.2444400087
0.83064516129	9.2444400087
0.830967741935	9.2444400087
0.831290322581	9.2444400087
0.831612903226	9.2444400087
0.831935483871	9.2444400087
0.832258064516	9.2444400087
0.832580645161	9.2444400087
0.832903225806	9.2444400087
0.833225806452	9.2444400087
0.833548387097	9.2444400087
0.833870967742	9.2444400087
0.834193548387	9.2444400087
0.834516129032	9.2444400087
0.834838709677	9.2444400087
0.835161290323	9.2444400087
0.835483870968	9.2444400087
0.835806451613	9.2444400087
0.836129032258	9.2444400087
0.836451612903	9.2444400087
0.836774193548	9.2444400087
0.837096774194	9.2444400087
0.837419354839	9.2444400087
0.837741935484	9.2444400087
0.838064516129	9.2444400087
0.838387096774	9.2444400087
0.838709677419	9.2444400087
0.839032258065	9.2444400087
0.83935483871	9.2444400087
0.839677419355	9.2444400087
0.84	9.2444400087
0.840322580645	9.2444400087
0.84064516129	9.2444400087
0.840967741935	9.2444400087
0.841290322581	9.2444400087
0.841612903226	9.2444400087
0.841935483871	9.2444400087
0.843548387097	9.24138837462
0.843870967742	9.24138837462
0.844193548387	9.24138837462
0.844516129032	9.24138837462
0.844838709677	9.24138837462
0.845161290323	9.24138837462
0.845483870968	9.24138837462
0.845806451613	9.24138837462
0.846129032258	9.24138837462
0.846451612903	9.24138837462
0.846774193548	9.24138837462
0.847096774194	9.24138837462
0.847419354839	9.24138837462
0.847741935484	9.24138837462
0.848064516129	9.24138837462
0.848387096774	9.24138837462
0.848709677419	9.24138837462
0.849032258065	9.24138837462
0.84935483871	9.24138837462
0.849677419355	9.24138837462
0.85	9.24138837462
0.850322580645	9.24138837462
0.85064516129	9.24138837462
0.850967741935	9.24138837462
0.851290322581	9.24138837462
0.851612903226	9.24138837462
0.851935483871	9.24138837462
0.852258064516	9.24138837462
0.852580645161	9.24138837462
0.852903225806	9.24138837462
0.853225806452	9.24138837462
0.853548387097	9.24138837462
0.853870967742	9.24138837462
0.854193548387	9.24138837462
0.854516129032	9.24138837462
0.854838709677	9.24138837462
0.855161290323	9.24138837462
0.856774193548	9.23833662096
0.857096774194	9.23833662096
0.857419354839	9.23833662096
0.857741935484	9.23833662096
0.858064516129	9.23833662096
0.858387096774	9.23833662096
0.858709677419	9.23833662096
0.859032258065	9.23833662096
0.85935483871	9.23833662096
0.859677419355	9.23833662096
0.86	9.23833662096
0.860322580645	9.23833662096
0.86064516129	9.23833662096
0.860967741935	9.23833662096
0.861290322581	9.23833662096
0.861612903226	9.23833662096
0.861935483871	9.23833662096
0.862258064516	9.23833662096
0.862580645161	9.23833662096
0.862903225806	9.23833662096
0.863225806452	9.23833662096
0.863548387097	9.23833662096
0.863870967742	9.23833662096
0.864193548387	9.23833662096
0.864516129032	9.23833662096
0.864838709677	9.23833662096
0.865161290323	9.23833662096
0.865483870968	9.23833662096
0.865806451613	9.23833662096
0.866129032258	9.23833662096
0.866451612903	9.23833662096
0.866774193548	9.23833662096
0.867096774194	9.23833662096
0.867419354839	9.23833662096
0.867741935484	9.23833662096
0.868064516129	9.23833662096
0.868387096774	9.23833662096
0.87	9.23528474799
0.870322580645	9.23528474799
0.87064516129	9.23528474799
0.870967741935	9.23528474799
0.871290322581	9.23528474799
0.871612903226	9.23528474799
0.871935483871	9.23528474799
0.872258064516	9.23528474799
0.872580645161	9.23528474799
0.872903225806	9.23528474799
0.873225806452	9.23528474799
0.873548387097	9.23528474799
0.873870967742	9.23528474799
0.874193548387	9.23528474799
0.874516129032	9.23528474799
0.874838709677	9.23528474799
0.875161290323	9.23528474799
0.875483870968	9.23528474799
0.875806451613	9.23528474799
0.876129032258	9.23528474799
0.876451612903	9.23528474799
0.876774193548	9.23528474799
0.877096774194	9.23528474799
0.877419354839	9.23528474799
0.877741935484	9.23528474799
0.878064516129	9.23528474799
0.878387096774	9.23528474799
0.878709677419	9.23528474799
0.879032258065	9.23528474799
0.87935483871	9.23528474799
0.879677419355	9.23528474799
0.88	9.23528474799
0.880322580645	9.23528474799
0.88064516129	9.23528474799
0.880967741935	9.23528474799
0.881290322581	9.23528474799
0.882903225806	9.232232756
0.883225806452	9.232232756
0.883548387097	9.232232756
0.883870967742	9.232232756
0.884193548387	9.232232756
0.884516129032	9.232232756
0.884838709677	9.232232756
0.885161290323	9.232232756
0.885483870968	9.232232756
0.885806451613	9.232232756
0.886129032258	9.232232756
0.886451612903	9.232232756
0.886774193548	9.232232756
0.887096774194	9.232232756
0.887419354839	9.232232756
0.887741935484	9.232232756
0.888064516129	9.232232756
0.888387096774	9.232232756
0.888709677419	9.232232756
0.889032258065	9.232232756
0.88935483871	9.232232756
0.889677419355	9.232232756
0.89	9.232232756
0.890322580645	9.232232756
0.89064516129	9.232232756
0.890967741935	9.232232756
0.891290322581	9.232232756
0.891612903226	9.232232756
0.891935483871	9.232232756
0.892258064516	9.232232756
0.892580645161	9.232232756
0.892903225806	9.232232756
0.893225806452	9.232232756
0.893548387097	9.232232756
0.893870967742	9.232232756
0.894193548387	9.232232756
0.894516129032	9.232232756
0.896129032258	9.22918064528
0.896451612903	9.22918064528
0.896774193548	9.22918064528
0.897096774194	9.22918064528
0.897419354839	9.22918064528
0.897741935484	9.22918064528
0.898064516129	9.22918064528
0.898387096774	9.22918064528
0.898709677419	9.22918064528
0.899032258065	9.22918064528
0.89935483871	9.22918064528
0.899677419355	9.22918064528
0.9	9.22918064528
0.900322580645	9.22918064528
0.90064516129	9.22918064528
0.900967741935	9.22918064528
0.901290322581	9.22918064528
0.901612903226	9.22918064528
0.901935483871	9.22918064528
0.902258064516	9.22918064528
0.902580645161	9.22918064528
0.902903225806	9.22918064528
0.903225806452	9.22918064528
0.903548387097	9.22918064528
0.903870967742	9.22918064528
0.904193548387	9.22918064528
0.904516129032	9.22918064528
0.904838709677	9.22918064528
0.905161290323	9.22918064528
0.905483870968	9.22918064528
0.905806451613	9.22918064528
0.906129032258	9.22918064528
0.906451612903	9.22918064528
0.906774193548	9.22918064528
0.907096774194	9.22918064528
0.907419354839	9.22918064528
0.909032258065	9.22612841612
0.90935483871	9.22612841612
0.909677419355	9.22612841612
0.91	9.22612841612
0.910322580645	9.22612841612
0.91064516129	9.22612841612
0.910967741935	9.22612841612
0.911290322581	9.22612841612
0.911612903226	9.22612841612
0.911935483871	9.22612841612
0.912258064516	9.22612841612
0.912580645161	9.22612841612
0.912903225806	9.22612841612
0.913225806452	9.22612841612
0.913548387097	9.22612841612
0.913870967742	9.22612841612
0.914193548387	9.22612841612
0.914516129032	9.22612841612
0.914838709677	9.22612841612
0.915161290323	9.22612841612
0.915483870968	9.22612841612
0.915806451613	9.22612841612
0.916129032258	9.22612841612
0.916451612903	9.22612841612
0.916774193548	9.22612841612
0.917096774194	9.22612841612
0.917419354839	9.22612841612
0.917741935484	9.22612841612
0.918064516129	9.22612841612
0.918387096774	9.22612841612
0.918709677419	9.22612841612
0.919032258065	9.22612841612
0.91935483871	9.22612841612
0.919677419355	9.22612841612
0.92	9.22612841612
0.921612903226	9.22307606881
0.921935483871	9.22307606881
0.922258064516	9.22307606881
0.922580645161	9.22307606881
0.922903225806	9.22307606881
0.923225806452	9.22307606881
0.923548387097	9.22307606881
0.923870967742	9.22307606881
0.924193548387	9.22307606881
0.924516129032	9.22307606881
0.924838709677	9.22307606881
0.925161290323	9.22307606881
0.925483870968	9.22307606881
0.925806451613	9.22307606881
0.926129032258	9.22307606881
0.926451612903	9.22307606881
0.926774193548	9.22307606881
0.927096774194	9.22307606881
0.927419354839	9.22307606881
0.927741935484	9.22307606881
0.928064516129	9.22307606881
0.928387096774	9.22307606881
0.928709677419	9.22307606881
0.929032258065	9.22307606881
0.92935483871	9.22307606881
0.929677419355	9.22307606881
0.93	9.22307606881
0.930322580645	9.22307606881
0.93064516129	9.22307606881
0.930967741935	9.22307606881
0.931290322581	9.22307606881
0.931612903226	9.22307606881
0.931935483871	9.22307606881
0.932258064516	9.22307606881
0.932580645161	9.22307606881
0.932903225806	9.22307606881
0.934516129032	9.22002360365
0.934838709677	9.22002360365
0.935161290323	9.22002360365
0.935483870968	9.22002360365
0.935806451613	9.22002360365
0.936129032258	9.22002360365
0.936451612903	9.22002360365
0.936774193548	9.22002360365
0.937096774194	9.22002360365
0.937419354839	9.22002360365
0.937741935484	9.22002360365
0.938064516129	9.22002360365
0.938387096774	9.22002360365
0.938709677419	9.22002360365
0.939032258065	9.22002360365
0.93935483871	9.22002360365
0.939677419355	9.22002360365
0.94	9.22002360365
0.940322580645	9.22002360365
0.94064516129	9.22002360365
0.940967741935	9.22002360365
0.941290322581	9.22002360365
0.941612903226	9.22002360365
0.941935483871	9.22002360365
0.942258064516	9.22002360365
0.942580645161	9.22002360365
0.942903225806	9.22002360365
0.943225806452	9.22002360365
0.943548387097	9.22002360365
0.943870967742	9.22002360365
0.944193548387	9.22002360365
0.944516129032	9.22002360365
0.944838709677	9.22002360365
0.945161290323	9.22002360365
0.945483870968	9.22002360365
0.947096774194	9.21697102092
0.947419354839	9.21697102092
0.947741935484	9.21697102092
0.948064516129	9.21697102092
0.948387096774	9.21697102092
0.948709677419	9.21697102092
0.949032258065	9.21697102092
0.94935483871	9.21697102092
0.949677419355	9.21697102092
0.95	9.21697102092
0.950322580645	9.21697102092
0.95064516129	9.21697102092
0.950967741935	9.21697102092
0.951290322581	9.21697102092
0.951612903226	9.21697102092
0.951935483871	9.21697102092
0.952258064516	9.21697102092
0.952580645161	9.21697102092
0.952903225806	9.21697102092
0.953225806452	9.21697102092
0.953548387097	9.21697102092
0.953870967742	9.21697102092
0.954193548387	9.21697102092
0.954516129032	9.21697102092
0.954838709677	9.21697102092
0.955161290323	9.21697102092
0.955483870968	9.21697102092
0.955806451613	9.21697102092
0.956129032258	9.21697102092
0.956451612903	9.21697102092
0.956774193548	9.21697102092
0.957096774194	9.21697102092
0.957419354839	9.21697102092
0.957741935484	9.21697102092
0.958064516129	9.21697102092
0.959677419355	9.21391832093
0.96	9.21391832093
0.960322580645	9.21391832093
0.96064516129	9.21391832093
0.960967741935	9.21391832093
0.961290322581	9.21391832093
0.961612903226	9.21391832093
0.961935483871	9.21391832093
0.962258064516	9.21391832093
0.962580645161	9.21391832093
0.962903225806	9.21391832093
0.963225806452	9.21391832093
0.963548387097	9.21391832093
0.963870967742	9.21391832093
0.964193548387	9.21391832093
0.964516129032	9.21391832093
0.964838709677	9.21391832093
0.965161290323	9.21391832093
0.965483870968	9.21391832093
0.965806451613	9.21391832093
0.966129032258	9.21391832093
0.966451612903	9.21391832093
0.966774193548	9.21391832093
0.967096774194	9.21391832093
0.967419354839	9.21391832093
0.967741935484	9.21391832093
0.968064516129	9.21391832093
0.968387096774	9.21391832093
0.968709677419	9.21391832093
0.969032258065	9.21391832093
0.96935483871	9.21391832093
0.969677419355	9.21391832093
0.97	9.21391832093
0.970322580645	9.21391832093
0.97064516129	9.21391832093
0.972258064516	9.21086550396
0.972580645161	9.21086550396
0.972903225806	9.21086550396
0.973225806452	9.21086550396
0.973548387097	9.21086550396
0.973870967742	9.21086550396
0.974193548387	9.21086550396
0.974516129032	9.21086550396
0.974838709677	9.21086550396
0.975161290323	9.21086550396
0.975483870968	9.21086550396
0.975806451613	9.21086550396
0.976129032258	9.21086550396
0.976451612903	9.21086550396
0.976774193548	9.21086550396
0.977096774194	9.21086550396
0.977419354839	9.21086550396
0.977741935484	9.21086550396
0.978064516129	9.21086550396
0.978387096774	9.21086550396
0.978709677419	9.21086550396
0.979032258065	9.21086550396
0.97935483871	9.21086550396
0.979677419355	9.21086550396
0.98	9.21086550396
0.980322580645	9.21086550396
0.98064516129	9.21086550396
0.980967741935	9.21086550396
0.981290322581	9.21086550396
0.981612903226	9.21086550396
0.981935483871	9.21086550396
0.982258064516	9.21086550396
0.982580645161	9.21086550396
0.982903225806	9.21086550396
0.984516129032	9.20781257031
0.984838709677	9.20781257031
0.985161290323	9.20781257031
0.985483870968	9.20781257031
0.985806451613	9.20781257031
0.986129032258	9.20781257031
0.986451612903	9.20781257031
0.986774193548	9.20781257031
0.987096774194	9.20781257031
0.987419354839	9.20781257031
0.987741935484	9.20781257031
0.988064516129	9.20781257031
0.988387096774	9.20781257031
0.988709677419	9.20781257031
0.989032258065	9.20781257031
0.98935483871	9.20781257031
0.989677419355	9.20781257031
0.99	9.20781257031
0.990322580645	9.20781257031
0.99064516129	9.20781257031
0.990967741935	9.20781257031
0.991290322581	9.20781257031
0.991612903226	9.20781257031
0.991935483871	9.20781257031
0.992258064516	9.20781257031
0.992580645161	9.20781257031
0.992903225806	9.20781257031
0.993225806452	9.20781257031
0.993548387097	9.20781257031
0.993870967742	9.20781257031
0.994193548387	9.20781257031
0.994516129032	9.20781257031
0.994838709677	9.20781257031
0.995161290323	9.20781257031
0.996774193548	9.20475952029
0.997096774194	9.20475952029
0.997419354839	9.20475952029
0.997741935484	9.20475952029
0.998064516129	9.20475952029
0.998387096774	9.20475952029
0.998709677419	9.20475952029
0.999032258065	9.20475952029
0.99935483871	9.20475952029
0.999677419355	9.20475952029
